0 1
0 2
1 3
2 5
3 4
4 6
5 7
6 8
6 9
7 11
8 10
9 21
10 12
10 13
11 37
12 14
12 16
13 17
14 15
14 18
15 19
15 23
16 18
16 20
17 24
18 23
19 22
19 30
20 25
20 31
21 27
22 29
22 36
23 26
24 28
24 40
25 32
25 38
26 30
26 31
27 33
28 35
28 43
29 34
29 41
30 36
31 38
32 44
33 66
34 35
34 39
35 47
36 41
37 50
38 44
39 46
39 48
40 42
40 43
41 46
42 45
43 52
46 51
47 49
48 49
49 51
50 54
50 59
51 52
51 53
53 55
54 56
55 57
56 58
57 60
58 62
59 61
59 63
61 64
62 65
64 67
65 68
65 69
66 74
66 78
66 82
67 77
68 72
68 83
69 70
70 71
71 73
72 76
73 75
74 80
74 92
74 96
75 79
76 81
77 85
78 828
79 86
79 87
80 89
81 84
82 713
83 88
83 98
84 93
85 91
85 102
85 2567
86 95
87 103
88 90
88 94
89 110
90 100
91 99
92 104
93 101
93 113
94 97
94 107
96 105
97 106
98 114
101 116
102 109
103 111
105 108
105 2549
107 113
107 117
108 112
110 2501
112 115
118 119
118 121
119 120
119 122
120 124
121 123
122 127
123 125
124 138
125 126
126 128
126 129
126 130
127 201
128 134
129 184
130 131
130 132
130 133
131 146
132 135
133 140
134 136
134 139
135 142
136 137
136 143
137 141
138 590
139 144
139 159
140 145
140 147
141 153
142 151
142 157
143 149
144 156
145 148
146 160
147 158
148 150
148 152
149 154
150 155
151 161
152 155
153 163
154 170
157 169
158 166
158 178
159 162
159 164
160 165
161 168
161 172
162 190
162 194
163 175
164 167
164 177
165 171
165 179
166 176
167 173
168 170
168 175
169 174
171 189
171 197
172 182
172 183
173 180
174 179
174 195
176 181
178 196
180 185
181 189
182 187
182 188
183 186
183 200
184 236
185 191
185 203
186 202
186 209
187 192
188 192
190 193
190 208
191 199
191 205
193 215
194 227
196 198
197 204
197 207
198 218
199 211
199 216
200 210
201 480
202 220
203 228
204 206
204 219
205 214
207 212
208 230
209 217
209 223
210 213
211 226
212 224
213 222
213 232
216 221
216 225
219 229
221 231
223 235
224 233
225 231
233 234
236 237
237 238
238 239
238 240
238 242
239 270
240 241
240 243
240 244
241 245
242 253
242 254
242 256
243 247
243 248
244 249
244 252
245 246
245 250
246 283
247 251
247 258
248 261
249 258
249 274
250 255
250 260
251 267
253 292
254 257
254 280
255 262
255 277
256 265
257 259
257 298
258 263
258 294
259 278
260 266
261 269
262 264
262 272
263 267
263 276
264 268
268 271
268 279
269 273
269 276
270 309
270 591
271 275
272 279
273 281
273 289
275 282
275 286
276 285
277 284
277 300
278 288
278 296
281 290
282 287
282 307
283 293
284 295
284 297
285 291
285 345
286 287
288 308
289 302
290 326
290 337
291 305
292 306
293 299
294 304
295 312
296 311
296 320
297 303
298 310
299 301
299 319
299 329
300 312
300 327
301 341
302 318
303 315
304 313
305 316
306 328
306 334
306 335
307 314
308 317
308 332
309 592
311 325
313 663
314 323
315 331
316 324
317 352
318 321
318 322
319 323
320 343
321 322
323 347
324 330
324 333
324 340
325 338
326 339
326 346
327 336
330 342
330 350
331 2142
333 349
336 347
337 351
339 2072
340 344
340 350
341 348
342 353
345 685
346 2085
351 2096
351 2145
353 685
354 355
355 356
355 358
355 375
356 357
357 379
358 359
358 362
358 366
359 360
359 361
360 364
361 380
362 363
362 370
363 365
363 368
364 372
364 384
365 367
366 393
367 369
367 371
368 378
368 383
369 373
369 374
370 386
371 374
371 376
372 377
372 399
372 400
373 381
373 387
374 383
377 415
378 407
379 448
380 385
380 389
381 382
382 391
382 396
383 392
384 388
384 412
385 394
385 415
386 390
386 403
387 391
387 392
388 406
388 408
390 395
390 404
391 398
391 410
392 398
393 1066
395 422
396 397
396 412
397 401
398 418
399 409
400 402
401 405
401 413
402 411
404 431
404 449
405 416
406 409
406 443
407 430
408 420
408 435
409 450
410 417
411 414
412 419
413 421
415 423
416 429
417 464
418 428
419 424
420 440
420 456
421 425
422 465
423 427
424 426
424 433
425 451
425 452
426 442
427 437
428 432
428 439
431 434
431 436
432 441
432 446
434 438
435 454
436 438
437 444
439 447
441 455
441 457
442 445
442 453
445 470
446 460
446 463
447 458
448 469
451 466
452 461
454 459
455 462
456 459
458 460
462 467
462 471
464 468
469 590
472 473
472 475
473 474
474 476
475 477
476 478
477 480
478 479
479 481
479 482
479 491
481 488
482 483
482 484
483 485
484 489
485 486
486 487
487 490
488 494
488 497
489 492
490 493
491 535
492 496
492 515
493 495
494 501
495 498
496 502
497 499
497 512
498 519
499 500
500 503
501 506
501 507
501 516
502 520
502 523
503 504
504 505
505 509
506 537
507 508
507 510
508 511
509 513
510 517
511 521
512 516
512 528
512 536
513 514
514 531
514 545
515 518
517 525
518 527
518 539
519 522
519 530
520 530
521 524
522 526
523 532
524 566
525 529
526 564
528 533
529 542
530 538
530 555
531 536
531 549
532 540
533 534
533 547
534 558
534 559
535 591
536 556
536 582
537 543
538 541
538 557
539 575
540 560
541 554
541 567
542 544
543 546
544 552
545 548
545 551
546 553
548 550
548 551
549 565
553 577
555 581
556 569
556 580
558 561
559 562
560 563
561 568
561 571
563 570
563 572
564 583
566 589
567 578
568 574
569 573
569 576
570 587
573 576
574 579
577 588
578 584
580 585
584 586
592 593
593 594
593 595
593 631
594 596
594 610
595 597
596 598
596 599
597 601
597 604
597 621
598 600
599 602
599 603
601 606
602 605
603 609
604 608
604 613
605 607
606 623
607 614
607 616
608 612
610 611
610 619
611 618
611 663
612 615
614 620
615 617
616 626
616 635
617 622
618 625
619 643
620 635
620 652
621 627
621 630
622 628
623 624
623 632
624 640
624 641
625 626
625 634
625 639
627 629
627 667
629 636
629 637
630 644
631 710
632 633
632 638
633 642
634 646
635 656
635 662
636 645
637 669
638 642
639 648
640 649
640 650
641 647
643 655
644 649
644 659
645 653
645 698
646 651
648 656
650 672
650 673
651 654
652 657
652 662
652 668
653 661
654 658
655 676
655 681
656 660
657 690
657 704
657 705
658 670
659 664
660 666
661 674
661 678
662 677
662 682
663 687
664 665
666 671
666 682
667 701
668 675
668 691
669 686
670 680
671 679
673 683
673 706
674 703
675 693
676 702
677 689
677 705
678 686
678 692
680 685
680 688
682 684
683 696
686 697
686 700
687 688
689 695
689 695
690 1401
691 1395
691 1407
692 694
694 699
696 707
698 1067
700 708
701 1067
701 1115
703 1094
703 1132
704 1379
704 1392
708 709
710 711
711 712
711 713
712 714
714 715
714 720
714 731
715 716
715 719
716 717
717 718
718 721
718 746
719 728
720 724
720 726
721 722
721 737
722 723
723 725
723 734
724 727
724 738
725 730
726 733
727 736
728 729
729 732
729 735
730 739
731 803
732 753
733 765
734 743
734 747
735 741
736 740
736 755
736 790
737 743
737 751
737 752
739 777
740 742
741 744
742 745
743 758
744 749
744 789
745 748
746 779
747 759
747 763
748 750
749 754
749 756
750 760
751 762
752 758
752 770
753 757
754 761
754 764
754 772
755 769
755 805
756 795
756 820
757 766
757 780
758 768
759 771
759 775
760 773
761 770
762 764
763 767
763 806
765 774
765 788
766 783
766 789
767 776
767 797
768 775
768 784
769 788
769 804
770 793
770 798
771 776
772 778
772 802
773 782
774 813
775 785
776 786
777 781
777 787
778 791
779 809
781 796
782 792
783 794
784 785
784 793
784 801
785 807
786 812
788 1415
789 825
790 810
791 798
792 809
794 800
795 1716
796 799
797 812
797 815
798 811
799 808
799 814
800 821
801 807
802 827
803 831
806 817
807 826
808 819
812 822
814 816
814 818
815 824
816 823
818 823
820 827
820 1709
824 904
825 1711
825 1713
827 1717
829 830
829 831
830 833
831 832
831 836
831 837
832 834
833 839
833 841
833 947
834 835
835 843
835 869
836 840
836 846
837 838
837 845
838 842
839 847
839 853
840 844
840 851
841 857
841 890
842 852
843 860
844 856
844 859
845 866
845 894
846 848
847 855
848 849
849 850
851 870
851 874
852 862
853 854
854 858
854 941
855 865
855 879
856 872
857 878
857 892
858 863
858 867
859 861
860 893
861 864
862 868
863 871
865 876
866 880
866 893
867 879
868 886
869 877
869 911
870 873
871 882
871 884
872 887
872 889
872 903
874 875
875 883
876 881
877 919
879 885
880 897
881 888
882 900
883 887
884 898
884 923
885 923
885 938
886 899
886 904
886 926
888 891
889 895
890 902
890 917
891 896
893 901
894 918
894 920
895 909
895 915
897 906
897 912
898 913
899 932
900 907
900 937
901 905
901 908
902 925
902 935
903 910
905 927
906 912
906 936
907 1556
908 934
910 916
911 944
912 914
913 924
915 940
916 922
918 928
919 921
919 930
920 929
920 931
922 939
924 1549
928 945
931 933
932 946
933 943
938 942
947 948
948 949
949 950
949 951
949 953
950 952
951 959
951 977
952 956
952 957
953 954
953 963
953 1065
954 955
955 958
955 970
956 960
957 967
957 969
958 962
958 968
959 961
959 965
960 966
961 962
963 964
964 967
964 978
965 976
965 985
966 973
967 971
969 975
971 972
971 993
972 986
973 974
973 988
973 997
974 1006
975 979
976 980
977 982
977 995
977 1003
978 984
978 993
979 981
979 990
980 983
981 987
981 990
982 1044
983 989
984 1051
985 1008
985 1009
986 991
986 1019
987 996
988 998
988 1018
989 994
990 992
990 1012
991 996
992 1002
993 1010
994 1021
995 999
995 1000
996 1005
997 1007
998 1001
998 1002
999 1040
1000 1004
1001 1015
1001 1033
1003 1009
1003 1034
1004 1037
1005 1014
1005 1023
1006 1013
1006 1018
1007 1011
1008 1032
1009 1020
1010 1017
1011 1016
1011 1029
1013 1022
1013 1038
1014 1024
1015 1025
1016 1026
1018 1033
1020 1028
1020 1054
1022 1027
1023 1042
1024 1025
1025 1045
1026 1030
1027 1036
1027 1046
1027 1052
1028 1053
1029 1031
1030 1043
1031 1035
1032 1056
1033 1046
1035 1039
1036 1050
1037 1063
1038 1048
1039 1041
1040 1047
1041 1043
1045 1064
1046 1049
1048 1061
1049 1055
1051 1060
1052 1061
1055 1057
1055 1059
1057 1058
1057 1062
1065 1066
1067 1068
1067 1070
1068 1069
1068 1075
1069 1072
1069 1073
1070 1071
1071 1073
1071 1074
1072 1078
1073 1077
1074 1076
1074 1080
1075 1078
1075 1079
1076 1081
1076 1089
1077 1082
1077 1084
1078 1095
1079 1085
1079 1100
1079 1115
1080 1086
1080 1092
1081 1087
1081 1096
1082 1083
1083 1088
1084 1090
1084 1095
1085 1097
1086 1091
1087 1094
1088 1090
1091 1093
1092 1099
1092 1103
1094 1098
1095 1103
1096 1101
1096 1105
1097 1108
1098 1106
1098 1109
1099 1104
1100 1102
1100 1111
1102 1113
1102 1126
1103 1107
1103 1125
1104 1112
1105 1110
1107 1140
1108 1116
1109 1114
1109 1132
1111 1118
1111 1131
1112 1128
1112 1151
1113 1119
1113 1121
1114 1123
1114 1129
1115 1143
1116 1117
1117 1124
1117 1133
1118 1120
1118 1127
1119 1122
1120 1143
1120 1146
1121 1138
1122 1130
1125 1152
1125 1167
1126 1148
1126 1155
1127 1136
1128 1134
1128 1144
1129 1147
1129 1158
1130 1149
1130 1160
1131 1135
1132 1170
1133 1139
1134 1152
1135 1137
1138 1142
1139 1141
1141 1145
1141 1149
1142 1155
1142 1160
1143 1161
1144 1172
1144 1182
1145 1154
1145 1157
1147 1150
1148 1153
1148 1174
1149 1157
1150 1172
1150 1442
1151 1172
1152 1156
1153 1159
1154 1163
1154 1164
1156 1166
1156 1173
1157 1164
1158 1170
1158 1178
1159 1162
1162 1168
1163 1169
1163 1171
1164 1165
1165 1171
1166 1175
1169 1176
1169 1177
1170 1430
1170 1521
1171 1177
1173 1179
1175 1180
1176 1181
1176 1183
1177 1181
1179 1184
1182 1449
1182 1533
1185 1186
1185 1187
1185 1188
1185 1197
1186 1190
1186 1203
1187 1191
1188 1189
1188 1200
1189 1192
1189 1194
1190 1193
1191 1204
1191 1209
1191 1216
1192 1207
1193 1195
1193 1201
1194 1199
1195 1196
1196 1198
1196 1202
1197 1203
1197 1209
1197 1217
1198 1206
1199 1205
1200 1205
1200 1216
1201 1215
1201 1218
1202 1208
1203 1218
1204 1222
1204 1224
1205 1212
1206 1211
1206 1215
1207 1213
1208 1210
1209 1222
1210 1214
1212 1213
1213 1220
1214 1221
1215 1219
1216 1229
1216 1262
1217 1230
1217 1245
1217 1249
1218 1232
1219 1240
1220 1223
1220 1285
1221 1225
1222 1245
1222 1291
1223 1226
1224 1227
1224 1234
1225 1228
1225 1239
1226 1233
1227 1231
1228 1233
1228 1241
1229 1234
1229 1236
1230 1235
1230 1242
1231 1251
1232 1237
1232 1238
1234 1264
1235 1252
1235 1301
1236 1296
1237 1244
1237 1249
1238 1240
1239 1246
1239 1247
1240 1254
1241 1248
1242 1243
1243 1250
1245 1267
1246 1253
1247 1256
1248 1268
1249 1255
1250 1255
1251 1269
1252 1259
1252 1282
1253 1257
1253 1260
1254 1261
1256 1258
1256 1260
1256 1263
1257 1265
1257 1271
1258 1275
1259 1273
1261 1266
1262 1276
1262 1290
1263 1270
1264 1286
1265 1274
1266 1272
1266 1275
1267 1280
1267 1297
1267 1314
1268 1277
1269 1299
1270 1279
1270 1284
1270 1287
1272 1288
1272 1294
1273 1283
1274 1284
1274 1293
1274 1298
1275 1278
1276 1285
1277 1281
1278 1287
1279 1298
1280 1300
1282 1300
1283 1289
1285 1292
1286 1399
1286 1401
1288 1295
1289 1302
1290 1296
1291 1370
1291 1381
1297 1305
1299 1383
1301 1348
1302 1316
1303 1304
1303 1305
1303 1307
1303 1309
1304 1310
1305 1306
1306 1308
1307 1309
1307 1311
1307 1312
1308 1311
1309 1315
1310 1314
1311 1316
1312 1313
1312 1317
1312 1319
1313 1318
1315 1321
1315 1322
1317 1324
1318 1320
1319 1323
1320 1325
1321 1327
1322 1326
1322 1331
1323 1328
1324 1329
1324 1330
1325 1334
1326 1332
1326 1349
1327 1333
1328 1344
1328 1348
1329 1330
1329 1335
1330 1336
1330 1337
1331 1338
1332 1342
1333 1340
1333 1354
1334 1341
1335 1347
1336 1339
1336 1350
1338 1345
1339 1343
1339 1350
1340 1345
1341 1346
1342 1360
1343 1356
1344 1355
1344 1365
1346 1359
1347 1355
1349 1351
1349 1368
1350 1352
1351 1353
1351 1379
1353 1357
1353 1364
1354 1358
1354 1366
1354 1370
1355 1363
1355 1376
1356 1362
1357 1361
1358 1371
1359 1380
1360 1364
1361 1389
1362 1369
1363 1367
1364 1382
1366 1375
1366 1381
1366 1401
1367 1373
1368 1371
1368 1374
1369 1372
1372 1378
1372 1387
1374 1392
1375 1377
1377 1386
1378 1390
1379 1395
1380 1385
1381 1383
1382 1384
1383 1399
1384 1388
1384 1396
1385 1388
1386 1392
1387 1393
1388 1402
1389 1391
1391 1394
1392 1406
1393 1398
1393 1400
1393 1403
1394 1397
1394 1407
1394 1409
1397 1413
1398 1404
1400 1405
1402 1408
1403 1405
1403 1415
1404 1417
1406 1411
1407 1416
1408 1410
1408 1412
1409 1414
