104 2685
108 2641
109 2565
115 2648
178 4941
194 3505
206 3755
209 3843
214 3518
215 3510
217 3849
220 3924
222 3688
222 3692
226 3513
227 3452
228 3841
228 3924
229 3711
230 3500
232 3688
234 4939
235 3692
235 3861
256 3816
313 4284
328 3879
328 3889
329 3702
331 3721
332 4336
334 3860
335 4233
338 4344
343 4231
343 4344
347 3720
348 3829
348 3863
352 4246
352 4269
407 2781
414 3279
418 2781
422 2918
429 3102
435 3087
444 2826
448 3241
448 4175
449 2848
449 2907
449 2918
452 2924
459 3075
461 3330
463 3052
464 3329
465 2884
466 3129
466 3175
468 3179
468 3330
470 2923
471 2792
547 4120
552 4112
554 3947
566 3990
566 4332
571 2221
571 4126
572 3663
575 4002
577 3988
581 3907
581 3914
582 3994
582 4116
583 3991
585 4141
586 3955
589 4113
672 4295
676 4286
681 4284
681 4289
684 2135
705 2114
782 2683
782 2684
804 2636
805 2639
810 2524
810 2619
810 2702
813 2631
821 2633
1024 3310
1044 1876
1045 3312
1050 2457
1050 2964
1050 3449
1051 3332
1052 3313
1058 3449
1059 3450
1060 3186
1060 3309
1061 2468
1062 2976
1064 3324
1064 3451
1272 1601
1281 2108
1287 1557
1290 2078
1292 2073
1294 1557
1294 1605
1295 1688
1298 1558
1301 1700
1405 1500
1410 1420
1414 1418
1415 1419
1417 1491
1419 2696
1420 1487
1421 1422
1421 1423
1421 1425
1421 1426
1422 1424
1423 1424
1424 1427
1426 1428
1428 1429
1428 1430
1429 1431
1429 1432
1430 1433
1431 1436
1431 1443
1432 1437
1432 1446
1433 1434
1434 1435
1436 1441
1436 1448
1437 1438
1437 1442
1438 1439
1438 1440
1441 1444
1442 1449
1442 1459
1443 1446
1443 1448
1444 1445
1444 1460
1445 1447
1446 1450
1447 1454
1447 1458
1448 1451
1449 1452
1450 1459
1451 1455
1451 1457
1452 1453
1453 1456
1455 1460
1457 1464
1458 1461
1458 1468
1458 1491
1459 1465
1460 1462
1461 1471
1462 1463
1462 1490
1463 1466
1464 1477
1465 1467
1465 1507
1466 1469
1467 1476
1468 1470
1468 1479
1469 1472
1470 1473
1470 1478
1471 1475
1471 1480
1472 1474
1473 1482
1476 1486
1478 1481
1479 1483
1480 1487
1480 1489
1482 1484
1484 1485
1485 1488
1486 1492
1487 1493
1489 1506
1490 1494
1490 1496
1492 1498
1492 1505
1492 1512
1493 1509
1494 1495
1496 1497
1496 1500
1496 1510
1497 1499
1498 1501
1498 1502
1498 1503
1499 1520
1501 1504
1502 1508
1503 1511
1504 1518
1506 1521
1506 1528
1506 1529
1507 1517
1507 1526
1508 1515
1509 1514
1510 2694
1511 1513
1511 1538
1512 1519
1513 1525
1514 1516
1515 1532
1516 1534
1517 1523
1518 1524
1520 1522
1522 1530
1522 2704
1523 1527
1523 2660
1524 1533
1525 1536
1526 2651
1526 2661
1526 2665
1527 2653
1529 1531
1530 1535
1530 1537
1535 2697
1537 2699
1539 1540
1539 1542
1539 1544
1539 1545
1540 1541
1541 1547
1542 1543
1542 1551
1544 1546
1545 1548
1546 1549
1549 1550
1550 1552
1551 1554
1552 1553
1553 1555
1555 1556
1557 1558
1557 1562
1558 1559
1558 1563
1559 1560
1559 1561
1560 1564
1561 1570
1562 1565
1563 1568
1564 1567
1565 1566
1565 1569
1566 1574
1566 1591
1567 1571
1568 1575
1569 1571
1569 1572
1569 1589
1570 1576
1570 1579
1570 1582
1571 1577
1571 1579
1571 1587
1572 1573
1572 1586
1573 1577
1573 1578
1575 1585
1576 1583
1577 1588
1578 1580
1578 1595
1580 1581
1580 1588
1581 1584
1582 1594
1582 1599
1582 1610
1582 1612
1583 1590
1584 1592
1584 1597
1585 1590
1586 1593
1586 1596
1587 1588
1587 1599
1587 1617
1588 1655
1589 1596
1589 1614
1590 1594
1590 1628
1591 1601
1591 1603
1591 1605
1592 1598
1593 1595
1593 1600
1596 1600
1596 1602
1597 1606
1597 1607
1598 1608
1600 1607
1600 1609
1601 1604
1601 1631
1602 1609
1602 1616
1603 1615
1604 1611
1606 1613
1607 1619
1607 1624
1608 1620
1609 1622
1610 1612
1610 1642
1611 1618
1612 1629
1612 1638
1613 1621
1614 1627
1615 1631
1616 1622
1616 1625
1617 1640
1618 1643
1619 1632
1619 1646
1620 1623
1620 1634
1621 1626
1621 1630
1622 1632
1623 1651
1623 1655
1624 1630
1625 1627
1626 1634
1626 1635
1626 1637
1627 1636
1628 1629
1629 1633
1629 1649
1630 1639
1631 1650
1631 1706
1632 1660
1635 1641
1635 1661
1636 1647
1636 1648
1637 1644
1638 1658
1638 1663
1639 1646
1640 1653
1641 1645
1642 1657
1643 1676
1643 1689
1644 1662
1644 1669
1645 1652
1645 1667
1646 1656
1647 1660
1648 1666
1648 1670
1649 1674
1650 1689
1651 1654
1651 1672
1652 1772
1653 1657
1654 1665
1655 1659
1656 1671
1657 2495
1657 2500
1659 1664
1660 1668
1661 1672
1664 2496
1665 2475
1665 2487
1666 1673
1667 1751
1669 1743
1670 1706
1670 1707
1672 1791
1673 1768
1675 1676
1675 1677
1675 1678
1675 1679
1676 1680
1677 1683
1677 1685
1677 1691
1678 1681
1678 1682
1678 1684
1679 1683
1679 1686
1679 1690
1680 1688
1681 1694
1682 1685
1683 1692
1683 1698
1684 1687
1684 1689
1685 1695
1685 1699
1686 1692
1687 1694
1688 1690
1689 1693
1691 1698
1691 1699
1691 1703
1692 1700
1692 1705
1693 1702
1694 1696
1695 1704
1695 1716
1696 1697
1696 1701
1697 1702
1698 1705
1698 1708
1699 1711
1701 1704
1702 1706
1703 1711
1703 1713
1704 1709
1705 1712
1705 1714
1706 1707
1707 1710
1707 1715
1709 1715
1710 1717
1710 1718
1711 1716
1713 1719
1714 1719
1715 1717
1717 1734
1718 1724
1718 1725
1719 1720
1720 1721
1721 1722
1722 1723
1724 1726
1724 1727
1725 1726
1725 1728
1726 1731
1727 1729
1727 1730
1728 1733
1728 1736
1729 1734
1729 1735
1730 1731
1730 1738
1731 1732
1732 1733
1732 1739
1732 1754
1733 1756
1734 1741
1734 1742
1735 1737
1735 1740
1736 1743
1736 1744
1736 1762
1737 1741
1737 1753
1738 1739
1738 1740
1739 1758
1740 1767
1741 1745
1741 1749
1742 1748
1742 1749
1744 1746
1744 1747
1745 1755
1746 1759
1747 1750
1747 1751
1748 1765
1749 1766
1750 1752
1751 1757
1752 1760
1753 1773
1754 1756
1754 1779
1756 1770
1757 1760
1758 1761
1758 1786
1759 1763
1759 1764
1759 1776
1760 1772
1761 1767
1761 1774
1762 1768
1763 1764
1763 2436
1764 1769
1764 1777
1765 1780
1765 1783
1765 1787
1766 1787
1767 1771
1769 1775
1770 1776
1771 1773
1772 1784
1773 1778
1774 1782
1775 1785
1777 1785
1777 2455
1778 1781
1779 1786
1781 1790
1782 1788
1784 1789
1784 1791
1785 1789
1788 1792
1789 2473
1791 2475
1793 1794
1793 1795
1793 1797
1793 1801
1794 1796
1794 1798
1795 1798
1796 1800
1797 1799
1798 1802
1799 1800
1799 1803
1801 1804
1802 1805
1802 1809
1803 1806
1803 1822
1804 1807
1804 1810
1805 1808
1805 1815
1806 1810
1807 1811
1807 1813
1808 1816
1808 1840
1809 1814
1809 1825
1809 1832
1810 1812
1811 1819
1812 1813
1812 1826
1813 1823
1814 1817
1814 1836
1816 1818
1816 1833
1817 1821
1818 1828
1818 1869
1819 1820
1819 1830
1820 1827
1821 1824
1822 1831
1823 1834
1823 1838
1825 1836
1825 1837
1826 1829
1826 1844
1827 1841
1827 1846
1828 1839
1828 1842
1830 1843
1831 1835
1831 1836
1832 1833
1832 1858
1833 1842
1834 1850
1834 1862
1835 1854
1835 1870
1836 1886
1837 1849
1837 1871
1838 1844
1838 1845
1839 1851
1839 1889
1840 1847
1840 1856
1841 1850
1843 1864
1845 1848
1846 1852
1846 1855
1846 1857
1847 1859
1847 1864
1848 1853
1849 1860
1849 1867
1850 1875
1851 1858
1852 1861
1854 1863
1854 1883
1855 1875
1856 1869
1856 1884
1857 1873
1857 1901
1858 1865
1860 1866
1861 1868
1862 1880
1863 1874
1863 1887
1864 1872
1865 1881
1865 1888
1866 1885
1867 1886
1867 1891
1867 1908
1868 1878
1869 1895
1870 1876
1871 1882
1872 1893
1872 1897
1873 1899
1874 1877
1876 1886
1876 1896
1877 1879
1878 1894
1879 1890
1881 1903
1881 1905
1882 1903
1883 1892
1887 1898
1888 1900
1889 3425
1890 1898
1893 1904
1894 1902
1894 1906
1895 1973
1897 1940
1897 1943
1899 1941
1901 1909
1904 1945
1905 1907
1907 1910
1908 3438
1909 1942
1911 1912
1911 1913
1911 1914
1911 1918
1912 1920
1912 1928
1913 1917
1913 1942
1914 1915
1915 1916
1915 1922
1916 1919
1918 1921
1919 1923
1920 1929
1921 1924
1921 1926
1922 1925
1922 1930
1923 1933
1924 1927
1924 1940
1925 1937
1926 1934
1926 1935
1927 1931
1927 1932
1929 1936
1930 1934
1930 1938
1932 1941
1932 1949
1933 1939
1934 1944
1934 1953
1935 1943
1936 1948
1938 1946
1941 1945
1942 1950
1943 1947
1944 1947
1944 1952
1945 1951
1948 1956
1950 1954
1953 1955
1953 1961
1953 1975
1954 1958
1955 1959
1956 1957
1956 1967
1957 1960
1958 1981
1959 1962
1960 1964
1960 1977
1961 1970
1962 1963
1962 1965
1963 1966
1964 1971
1965 1969
1966 1968
1967 1974
1968 1983
1969 1972
1970 1973
1970 1988
1971 1978
1971 1993
1972 1976
1972 1979
1973 1997
1974 1980
1974 1994
1974 2008
1976 1985
1976 1991
1977 1982
1977 1998
1978 1984
1978 1995
1978 2005
1979 1990
1981 2004
1981 2009
1982 2001
1983 1986
1984 1987
1985 1999
1985 2003
1986 1989
1987 2000
1987 2017
1988 1996
1988 2007
1989 1992
1990 2003
1991 2006
1991 2010
1993 2014
1993 2028
1995 2012
1995 2014
1996 2002
1999 2011
1999 2026
2000 2012
2000 2015
2002 2019
2002 2022
2005 2017
2006 2013
2006 2021
2007 2020
2007 2023
2007 2024
2008 2018
2009 2025
2011 2016
2016 2027
2027 3439
2029 2030
2029 2031
2029 2032
2029 2033
2030 2036
2031 2035
2032 2038
2033 2034
2033 2039
2034 2037
2035 2040
2035 2041
2036 2042
2036 2046
2037 2051
2038 2044
2039 2047
2039 2055
2040 2043
2041 2049
2041 2052
2042 2045
2043 2055
2043 2062
2044 2050
2044 2052
2044 2054
2045 2048
2045 2051
2046 2054
2047 2057
2047 2099
2048 2053
2048 2070
2049 2066
2049 2083
2050 2060
2051 2064
2051 2085
2052 2058
2053 2056
2054 2061
2055 2065
2055 2073
2056 2059
2057 2064
2057 2087
2058 2063
2059 2067
2060 2077
2061 2090
2062 2073
2062 2076
2063 2074
2064 2069
2065 2068
2065 2071
2066 2080
2066 2081
2067 2075
2068 2078
2069 2072
2070 2084
2071 2082
2072 2089
2074 2083
2074 2088
2075 2079
2075 2092
2075 2094
2076 2104
2077 2112
2078 2095
2080 2086
2080 2100
2081 2091
2081 2100
2082 2095
2083 2093
2083 2127
2084 2103
2085 2096
2086 2098
2087 2097
2088 2129
2089 2097
2090 2120
2091 2119
2091 2134
2092 2103
2092 2105
2093 2106
2094 2096
2094 2117
2095 2102
2097 2116
2099 2101
2099 2107
2100 2108
2100 2139
2101 2114
2101 2116
2102 2107
2103 2110
2104 2108
2105 2109
2105 2111
2106 2118
2106 2119
2109 2115
2110 2113
2110 2123
2111 2115
2112 2121
2113 2120
2116 2122
2117 2125
2117 2131
2118 2133
2120 2126
2121 2126
2121 2128
2122 2124
2124 2135
2125 2130
2126 2140
2127 2132
2128 2137
2129 2137
2130 2142
2131 2141
2131 2143
2132 2136
2132 2144
2133 2138
2137 2144
2140 2146
2142 2145
2147 2148
2147 2149
2147 2151
2147 2155
2148 2149
2148 2150
2149 2157
2150 2152
2151 2153
2152 2154
2152 2158
2153 2156
2154 2159
2155 2160
2156 2167
2156 2169
2157 2161
2157 2166
2158 2172
2158 2173
2159 2162
2159 2179
2160 2163
2161 2164
2161 2170
2162 2165
2162 2182
2163 2180
2163 2181
2163 2190
2164 2168
2165 2189
2166 2186
2166 2196
2167 2171
2167 2178
2168 2184
2170 2175
2170 2176
2171 2174
2173 2185
2173 2191
2174 2183
2175 2177
2176 2177
2178 2197
2178 2221
2179 2192
2179 2194
2179 2208
2180 2187
2181 2197
2182 2188
2182 2193
2184 2213
2185 2198
2186 2221
2187 2195
2188 2205
2189 2199
2189 2202
2190 2199
2191 2234
2192 2206
2192 2207
2193 2209
2193 2219
2195 2201
2196 2204
2196 2226
2197 2231
2198 2200
2199 2233
2200 2203
2201 2216
2202 2212
2202 2214
2203 2211
2203 2217
2204 2229
2204 2242
2207 2215
2207 2220
2208 2210
2209 2238
2209 2239
2211 2218
2211 2224
2213 2226
2213 2236
2215 2228
2215 2254
2216 2223
2218 2222
2219 2227
2219 2230
2222 2225
2223 2244
2223 2252
2224 2235
2225 2232
2226 2241
2226 2248
2227 2233
2227 2255
2231 2240
2231 2245
2232 2243
2233 2247
2234 2237
2234 2249
2234 2253
2235 2246
2238 2261
2239 2250
2240 2252
2242 2258
2243 2256
2244 2251
2246 2253
2249 2254
2250 2260
2251 2263
2254 2257
2255 2262
2255 2264
2256 2259
2265 2266
2265 2267
2265 2270
2265 2272
2266 2268
2267 2273
2268 2269
2269 2271
2270 2276
2271 2274
2271 2284
2272 2278
2272 2280
2273 2275
2274 2281
2274 2285
2275 2277
2275 2286
2276 2279
2277 2289
2278 2283
2278 2286
2279 2282
2280 2284
2280 2290
2281 2287
2282 2309
2283 2290
2285 2288
2287 2295
2288 2292
2289 2291
2290 2294
2291 2296
2292 2293
2293 2297
2293 2298
2294 2306
2295 2301
2296 2302
2296 2313
2297 2299
2298 2299
2298 2304
2299 2300
2300 2307
2301 2308
2302 2303
2303 2305
2304 2310
2305 2324
2306 2311
2307 2312
2307 2321
2308 2323
2309 2316
2311 2314
2312 2317
2313 2315
2314 2332
2315 2318
2315 2377
2316 2319
2317 2322
2318 2333
2319 2320
2320 2335
2321 2330
2322 2334
2323 2329
2324 2325
2324 2326
2325 2328
2326 2327
2327 2331
2328 2336
2330 2339
2331 2341
2332 2340
2333 2338
2333 2343
2334 2346
2334 2348
2335 2337
2336 2356
2337 2357
2339 2362
2340 2342
2341 2354
2342 2344
2342 2347
2343 2345
2343 2350
2344 2349
2345 2352
2346 2360
2347 2351
2347 2355
2348 2365
2349 2353
2350 2352
2351 2358
2351 2366
2353 2359
2354 2374
2355 2364
2356 2369
2357 2370
2359 2361
2360 2372
2361 2363
2361 2378
2362 2381
2363 2375
2364 2368
2366 2367
2367 2376
2368 2371
2368 2373
2369 2379
2371 2373
2372 2380
2376 2379
2381 2382
2383 2384
2383 2385
2383 2386
2383 2387
2384 2389
2384 2395
2384 2400
2385 2388
2385 2391
2388 2396
2389 2390
2389 2392
2390 2393
2390 2399
2391 2397
2391 2402
2392 2394
2392 2409
2393 2394
2393 2404
2394 2406
2395 2403
2395 2405
2396 2398
2396 2402
2397 2400
2397 2401
2399 2403
2400 2410
2401 2412
2402 2408
2402 2412
2403 2413
2404 2413
2404 2415
2404 2416
2405 2407
2406 2414
2406 2416
2407 2411
2407 2411
2409 2410
2410 2418
2412 2417
2414 2420
2415 2419
2416 2421
2418 2420
2419 2424
2419 2425
2421 2422
2422 2423
2423 2427
2425 2426
2425 2435
2426 2428
2426 2429
2427 2429
2428 2431
2429 2430
2430 2432
2430 2437
2431 2433
2432 2434
2433 2438
2433 2444
2434 2436
2434 2441
2435 2442
2435 2445
2436 2439
2437 2440
2438 2449
2439 2443
2440 2452
2441 2447
2442 2459
2443 2448
2443 2455
2444 2460
2444 2476
2445 2446
2445 2451
2446 2453
2446 2456
2447 2454
2448 2450
2449 2464
2450 2462
2450 2463
2451 2458
2452 2480
2453 2457
2453 2469
2454 2461
2456 2465
2457 2470
2458 2468
2459 2460
2460 2490
2461 2466
2462 2463
2462 2473
2463 2471
2464 2467
2465 2957
2466 2478
2467 2472
2467 2476
2468 2470
2469 2477
2471 2474
2471 2479
2472 2482
2473 2475
2473 2481
2474 2481
2477 2485
2478 2483
2478 2484
2479 2484
2479 2487
2479 2496
2480 2483
2480 2486
2480 2495
2482 2486
2483 2489
2485 2488
2486 2491
2486 2498
2487 2494
2488 2492
2489 2493
2492 2499
2493 2497
2495 2497
2496 2500
2497 2500
2498 2962
2499 2947
2499 2948
2501 2502
2501 2503
2501 2505
2502 2504
2503 2507
2504 2509
2504 2511
2505 2506
2506 2508
2507 2510
2507 2515
2509 2513
2510 2514
2510 2516
2511 2512
2511 2513
2512 2522
2513 2526
2514 2518
2514 2521
2515 2518
2515 2524
2516 2517
2517 2519
2517 2520
2519 2523
2519 2531
2521 2523
2521 2532
2522 2525
2522 2527
2525 2528
2526 2532
2526 2533
2527 2530
2528 2529
2529 2530
2533 2534
2534 2535
2534 2536
2535 2537
2536 2540
2537 2538
2538 2539
2539 2541
2539 2542
2540 2543
2540 2548
2541 2544
2542 2547
2543 2545
2544 2546
2545 2556
2546 2549
2547 2551
2547 2552
2548 2550
2548 2557
2550 2553
2550 2559
2551 2558
2552 2555
2553 2554
2553 2560
2554 2562
2554 2574
2555 2565
2556 2561
2556 2571
2557 2563
2557 2566
2558 2564
2559 2567
2560 2572
2561 2569
2561 2575
2562 2570
2562 2577
2563 2569
2564 2573
2566 2568
2566 2572
2568 2576
2569 2579
2570 2582
2571 2604
2573 2584
2574 2578
2574 2581
2575 2585
2576 2590
2577 2581
2578 2583
2578 2587
2579 2580
2579 2590
2580 2586
2583 2588
2584 2591
2585 2593
2586 2589
2586 2592
2587 2598
2588 2595
2588 2600
2589 2602
2590 2596
2591 2597
2592 2594
2595 2599
2595 2605
2596 2608
2596 2618
2597 2606
2598 2607
2598 2610
2599 2601
2600 2614
2601 2603
2602 2609
2604 2622
2605 2615
2606 2612
2608 2611
2608 2616
2609 2613
2612 2617
2617 2682
2619 2620
2620 2621
2621 2622
2623 2624
2624 2625
2624 2626
2626 2627
2627 2628
2627 2629
2628 2630
2628 2631
2631 2632
2632 2633
2632 2634
2634 2635
2636 2637
2636 2638
2638 2639
2639 2640
2641 2642
2642 2643
2642 2644
2643 2645
2644 2646
2644 2647
2645 2648
2646 2649
2647 2649
2650 2651
2651 2652
2653 2654
2654 2655
2655 2656
2656 2657
2657 2658
2658 2659
2659 2660
2661 2662
2661 2663
2662 2663
2663 2664
2666 2667
2667 2668
2668 2669
2668 2670
2670 2671
2670 2672
2672 2673
2673 2674
2674 2675
2675 2676
2676 2677
2677 2678
2678 2679
2679 2680
2680 2681
2681 2682
2685 2686
2686 2687
2686 2689
2687 2688
2688 2690
2689 2694
2690 2691
2691 2692
2691 2693
2692 2693
2695 2696
2695 2697
2695 2698
2698 2699
2700 2701
2701 2702
2702 2703
2703 2704
2704 2705
2706 2707
2706 2708
2707 2716
2708 2709
2709 2710
2710 2711
2711 2712
2712 2713
2712 2715
2713 2714
2714 2717
2715 2718
2715 2719
2716 2724
2717 2723
2717 2727
2718 2720
2718 2721
2720 2722
2721 2726
2721 2730
2722 2728
2723 2725
2724 2729
2725 2728
2726 2731
2727 2738
2727 2742
2729 2735
2730 2737
2730 2765
2731 2732
2732 2733
2733 2734
2735 2736
2736 2739
2736 2745
2737 2740
2738 2741
2738 2747
2739 2743
2740 2750
2741 2744
2742 2754
2742 2756
2743 2749
2744 2746
2745 2748
2745 2767
2746 2755
2747 2751
2747 2761
2748 2753
2749 2760
2749 2762
2750 2752
2751 2770
2752 2757
2753 2758
2753 2759
2755 2764
2756 2769
2756 2771
2757 2770
2758 2760
2758 2766
2761 2763
2761 2780
2762 2768
2762 2776
2763 2772
2763 2773
2764 2782
2765 2796
2765 2822
2765 2855
2767 2777
2767 2778
2768 2775
2770 2774
2771 2790
2771 2798
2772 2779
2772 2784
2774 2793
2774 2797
2775 2794
2775 2812
2777 2786
2777 2792
2778 2781
2778 2809
2779 2787
2779 2800
2779 2803
2780 2785
2780 2791
2782 2783
2783 2788
2783 2789
2785 2799
2787 2795
2788 2789
2792 2801
2793 2814
2793 2823
2794 2802
2794 2806
2794 2810
2795 2808
2795 2820
2796 2838
2797 2816
2798 2807
2800 2804
2800 2805
2802 2813
2804 2805
2806 2818
2807 2815
2808 2811
2814 2819
2816 2817
2819 2821
2824 2825
2824 2826
2824 2827
2826 2828
2827 2833
2828 2829
2829 2830
2830 2831
2831 2832
2833 2834
2834 2835
2835 2836
2836 2837
2838 2839
2838 2845
2839 2840
2839 2841
2840 2843
2841 2842
2842 2844
2843 2848
2844 2846
2845 2847
2845 2850
2846 2851
2847 2849
