87 5985
99 5979
99 5984
101 5430
103 5988
106 5992
113 5962
116 5448
117 5983
218 5804
219 5837
234 5795
290 5897
302 5896
345 5896
349 5890
564 5782
570 5773
575 5732
575 5761
653 5899
672 5905
674 5915
679 5896
684 5897
691 5856
693 5852
697 5860
698 5899
703 5858
706 5912
707 5879
787 5215
801 4956
802 4974
809 5203
811 4974
817 5156
819 5181
822 5699
824 5718
826 4953
827 4973
889 5660
909 5622
911 5527
914 5115
915 5659
917 4945
917 4952
918 5201
919 5668
921 5682
924 5672
925 4952
925 4977
926 5619
927 5665
928 5642
929 5675
930 5600
934 5615
935 4978
935 5637
935 5639
936 5700
939 5662
939 5694
940 4978
940 5639
941 4717
941 5636
942 5498
942 5519
944 5640
944 5688
945 5556
946 5707
946 5717
1053 4675
1054 4676
1054 4681
1063 4712
1124 5993
1155 6081
1168 5909
1174 4327
1174 5867
1175 5885
1179 5901
1180 5883
1181 5877
1183 5874
1183 5878
1184 5865
1271 4963
1277 4969
1281 5893
1289 5884
1290 5889
1292 5893
1293 4963
1296 5886
1297 5884
1412 5891
1415 5892
1416 5851
1418 5891
1521 5861
1525 5894
1525 5895
1533 5913
1534 5860
1534 5908
1536 5883
1536 5900
1633 4883
1638 4893
1657 4898
1658 4898
1662 4942
1663 4888
1663 4979
1664 4960
1666 4975
1668 4959
1668 4975
1669 4943
1671 4944
1671 4959
1674 4886
1674 4888
1755 4977
1780 4973
1781 4950
1783 4956
1787 4954
1790 4976
1792 4951
1875 4859
1887 4840
1889 4635
1891 4681
1891 4699
1892 4853
1895 4700
1896 4833
1896 4840
1902 4859
1903 4852
1904 4631
1906 4690
1908 4697
1975 4575
1980 4614
1994 4831
1997 4832
1998 4624
2000 4658
2001 4494
2003 4563
2004 4859
2008 4589
2009 4665
2014 4654
2015 4841
2015 4845
2016 4563
2018 4578
2018 4580
2019 4830
2022 4650
2023 4636
2023 4638
2025 4505
2026 4705
2027 4851
2028 4477
2028 4657
2079 3742
2114 5888
2119 5831
2134 5825
2134 5830
2136 4339
2138 4341
2138 5831
2139 4965
2139 5824
2140 3730
2141 4345
2143 3716
2143 3748
2146 3735
2146 3770
2190 6096
2208 6020
2216 4070
2229 4317
2237 6001
2238 6049
2240 4006
2242 4117
2249 6019
2250 6101
2252 4150
2258 4114
2258 4120
2259 6077
2259 6079
2260 6071
2260 6103
2262 6104
2263 4055
2263 4144
2329 3968
2335 3971
2338 3625
2358 3590
2365 3479
2369 3595
2370 3984
2374 3625
2375 3481
2377 3980
2378 3485
2379 3590
2382 3965
2490 3327
2491 4862
2491 4863
2494 4960
2495 4860
2602 5462
2604 5457
2604 5465
2607 5954
2610 5923
2611 5952
2611 5990
2613 5457
2615 5316
2615 5946
2615 5991
2616 5948
2618 5462
2795 4356
2807 2894
2808 4350
2808 4352
2810 3045
2810 3056
2811 2882
2812 3066
2812 3148
2813 3063
2813 3065
2815 4363
2817 2878
2817 4347
2818 3053
2818 3058
2822 4353
2850 2852
2850 2855
2851 2858
2852 2853
2852 2857
2853 2854
2854 2856
2856 2861
2857 2859
2857 2860
2858 2881
2858 2886
2860 2862
2860 2877
2861 2865
2862 2863
2863 2864
2863 2866
2864 2869
2864 2872
2864 2873
2865 2893
2866 2867
2867 2868
2869 2870
2870 2871
2870 2879
2871 2878
2871 2880
2872 2874
2872 2875
2874 2876
2875 2876
2877 2882
2877 2894
2878 2883
2881 2884
2881 2895
2882 2885
2882 2889
2884 2896
2885 2887
2885 2888
2886 2893
2887 2888
2889 2890
2889 2891
2890 2892
2891 2892
2897 2898
2898 2899
2899 2900
2899 2901
2900 2902
2901 2903
2902 2904
2903 2905
2904 2906
2906 2907
2906 2908
2908 2909
2909 2910
2910 2911
2911 2912
2913 2914
2913 2915
2913 2917
2914 2916
2915 2916
2917 2918
2917 2919
2919 2920
2919 2922
2920 2921
2925 2926
2925 2927
2926 2928
2926 2929
2926 2930
2927 2931
2928 2942
2929 2934
2930 2933
2931 2932
2931 2939
2932 2935
2932 2936
2933 2938
2934 2937
2935 2940
2936 2941
2937 2943
2938 2945
2938 2946
2939 2949
2940 2950
2940 2961
2941 2952
2942 2944
2942 2955
2943 2949
2943 2965
2944 2947
2945 2948
2945 2954
2946 2953
2946 2971
2947 2948
2949 2951
2950 2956
2950 2957
2951 2960
2952 2958
2953 2959
2953 2966
2953 2974
2954 2964
2955 2961
2958 2962
2959 2963
2960 2967
2963 2968
2964 2972
2965 2981
2965 2989
2966 2969
2966 2970
2967 2977
2967 2991
2969 2975
2970 2978
2970 2995
2971 2973
2971 2974
2972 2980
2973 2976
2974 2979
2975 2982
2978 2985
2978 2997
2979 2983
2981 2984
2981 2986
2982 2983
2982 2996
2983 2987
2983 2998
2984 2990
2984 3006
2985 2988
2985 3028
2986 2993
2986 3010
2987 2992
2988 2990
2988 3002
2989 3001
2989 3005
2990 3027
2991 2994
2993 2999
2994 3003
2994 3014
2995 3021
2996 3000
2998 3020
2999 3007
3000 3013
3001 3023
3001 3026
3002 3004
3003 3008
3003 3009
3005 3010
3005 3023
3006 3011
3007 3036
3008 3009
3009 3012
3010 3016
3010 3017
3011 3015
3013 3022
3014 3018
3015 3019
3016 3029
3016 3031
3017 3034
3019 3024
3020 3030
3021 3032
3021 3038
3022 3032
3023 3025
3024 3027
3025 3031
3026 3037
3028 3033
3029 3035
3030 3032
3033 3036
3034 3039
3034 3041
3035 3040
3035 3105
3036 3042
3037 3194
3038 3152
3038 3321
3039 3113
3040 3317
3041 3125
3041 3132
3042 3322
3043 3044
3044 3045
3044 3046
3046 3047
3046 3048
3047 3049
3049 3050
3049 3052
3050 3051
3052 3053
3053 3054
3054 3055
3057 3058
3058 3059
3059 3060
3059 3061
3061 3062
3061 3063
3063 3064
3067 3068
3068 3069
3068 3070
3069 3072
3069 3075
3070 3071
3071 3073
3071 3074
3072 3076
3072 3079
3073 3077
3075 3080
3076 3087
3077 3078
3077 3081
3078 3082
3078 3094
3079 3085
3079 3091
3080 3083
3080 3098
3081 3089
3081 3090
3082 3084
3083 3092
3084 3086
3084 3101
3085 3088
3085 3103
3086 3099
3088 3095
3088 3097
3089 3096
3089 3104
3090 3093
3090 3104
3091 3110
3092 3100
3093 3106
3094 3100
3094 3112
3095 3105
3096 3114
3097 3108
3097 3118
3098 3107
3100 3102
3101 3111
3102 3129
3106 3109
3108 3117
3109 3113
3110 3119
3110 3124
3111 3115
3111 3116
3114 3120
3115 3129
3116 3122
3116 3123
3117 3132
3118 3121
3119 3128
3120 3122
3120 3126
3121 3125
3122 3127
3123 3131
3124 3140
3126 3130
3126 3147
3127 3141
3128 3136
3130 3133
3130 3134
3131 3135
3131 3142
3133 3146
3134 3138
3135 3137
3137 3139
3137 3144
3138 3150
3138 3155
3139 3145
3140 3143
3143 3153
3145 3148
3146 3154
3146 3159
3147 3149
3148 3151
3149 3152
3150 3156
3150 3157
3151 3164
3152 3158
3153 3183
3154 3158
3155 3160
3155 3307
3156 3163
3157 3161
3159 3324
3160 3162
3160 3166
3161 3165
3161 3176
3162 3172
3162 3177
3163 3168
3163 3170
3164 3167
3164 3175
3165 3173
3166 3169
3166 3171
3168 3181
3169 3174
3170 3178
3171 3174
3172 3176
3172 3308
3173 3180
3175 3179
3177 3311
3178 4693
3180 3182
3180 3185
3181 3336
3181 3341
3182 3184
3184 3187
3186 3187
3186 3188
3189 3190
3190 3191
3190 3192
3192 3193
3192 3194
3192 3195
3193 3198
3194 3197
3195 3196
3196 3199
3198 3201
3199 3200
3201 3202
3201 3205
3202 3203
3203 3204
3204 3208
3205 3206
3206 3207
3207 3209
3208 3211
3209 3210
3211 3212
3212 3213
3213 3214
3213 3215
3214 3217
3215 3216
3216 3218
3217 3219
3218 3220
3219 3223
3220 3221
3220 3224
3221 3222
3222 3225
3223 3227
3224 3226
3225 3228
3226 3229
3227 3230
3228 3236
3228 3239
3229 3231
3230 3232
3230 3243
3231 3234
3232 3233
3232 3235
3233 3237
3233 3256
3234 3238
3235 3246
3236 3240
3237 3241
3238 3242
3239 3266
3240 3244
3242 3245
3243 3257
3244 3251
3245 3247
3246 3262
3247 3248
3248 3249
3249 3250
3250 3252
3251 3259
3252 3253
3253 3254
3254 3255
3255 3258
3256 3272
3257 3261
3258 3260
3259 3263
3260 3265
3261 3268
3262 3264
3263 3266
3264 3273
3265 3267
3267 3269
3268 3271
3269 3270
3270 3277
3271 3275
3272 3274
3273 3287
3274 3279
3275 3276
3276 3280
3277 3278
3278 3281
3279 3288
3280 3282
3281 3283
3282 3284
3283 3285
3283 3286
3284 3285
3286 3290
3287 3292
3288 3289
3289 3295
3290 3291
3291 3293
3292 3302
3293 3294
3294 3297
3295 3296
3296 3306
3297 3298
3298 3299
3299 3300
3300 3301
3301 4216
3302 3303
3303 3304
3304 3305
3305 4223
3306 4155
3308 3309
3308 3310
3311 3312
3314 3315
3314 3317
3315 3316
3317 3318
3318 3319
3320 3321
3320 3322
3321 3323
3324 3325
3326 3327
3327 3328
3331 3332
3331 3333
3333 3334
3334 3335
3334 3336
3336 3337
3337 3338
3337 3339
3339 3340
3340 3341
3341 3342
3342 3343
3343 3344
3344 3345
3344 3348
3345 3346
3346 3347
3346 3351
3347 3350
3347 3352
3348 3349
3349 3361
3349 3367
3350 3352
3351 3353
3351 3354
3353 3355
3353 3356
3354 3358
3355 3357
3356 3357
3358 3359
3359 3360
3361 3362
3361 3363
3362 3364
3362 3369
3363 3365
3363 3368
3364 3379
3365 3366
3366 3375
3367 3372
3367 3378
3368 3370
3368 3380
3369 3387
3370 3371
3371 3373
3371 3381
3372 3374
3372 3383
3373 3376
3374 3377
3374 3381
3375 3384
3376 3377
3379 3388
3379 3390
3380 3382
3381 3382
3382 3385
3383 3385
3383 3387
3384 3386
3385 3386
3387 3422
3388 3389
3388 3395
3389 3391
3390 3392
3390 3396
3391 3393
3391 3394
3392 3400
3394 3399
3394 3401
3395 3398
3395 3410
3396 3397
3396 3404
3397 3408
3397 3411
3398 3413
3399 3403
3399 3406
3400 3402
3400 3409
3402 3405
3402 3407
3404 3409
3408 3412
3409 3414
3409 3416
3410 3431
3411 3415
3411 3417
3413 3418
3415 3416
3416 3420
3417 3419
3417 3424
3418 3427
3418 3429
3419 3421
3420 3423
3420 3439
3422 3428
3422 4678
3423 3426
3424 3425
3424 3434
3425 3436
3427 4456
3428 3432
3429 3430
3429 3435
3430 3442
3430 3443
3431 3433
3431 3439
3432 3438
3433 3446
3433 4556
3434 3440
3434 3441
3435 3437
3436 3444
3437 4527
3437 4847
3438 3448
3439 4642
3440 3447
3441 4640
3441 4643
3442 4524
3442 4682
3443 4682
3444 3445
3446 4539
3446 4557
3447 4634
3448 4852
3450 3451
3452 3453
3452 3454
3453 3459
3454 3455
3454 3456
3455 3457
3456 3462
3456 3464
3457 3458
3458 3460
3459 3461
3460 3463
3462 3472
3464 3465
3465 3466
3465 3467
3466 3468
3467 3469
3468 3470
3469 3477
3470 3471
3471 3473
3472 3474
3472 3475
3473 3481
3474 3476
3475 3479
3476 3478
3477 3483
3478 3482
3479 3480
3480 3488
3481 3485
3482 3483
3482 3484
3482 3492
3484 3486
3485 3487
3485 3494
3486 3489
3487 3495
3488 3491
3489 3490
3490 3496
3491 3493
3493 3501
3494 3503
3495 3497
3497 3498
3497 3499
3498 3500
3499 3502
3501 3504
3502 3505
3503 3507
3503 3510
3503 3511
3504 3506
3507 3508
3508 3509
3509 3512
3509 3515
3510 3513
3511 3516
3511 3519
3512 3514
3513 3518
3514 3517
3515 3521
3516 3518
3517 3520
3519 3527
3520 3524
3520 3526
3521 3522
3521 3523
3521 3528
3522 3525
3523 3526
3524 3533
3525 3531
3527 3529
3528 3530
3529 3535
3529 3538
3529 3541
3530 3536
3530 3543
3530 3544
3531 3532
3532 3534
3532 3537
3533 3539
3533 3540
3533 3567
3534 3542
3535 3545
3535 3552
3536 3539
3536 3551
3537 3550
3538 3553
3539 3551
3540 3547
3541 3549
3541 3564
3542 3548
3543 3555
3544 3559
3545 3546
3546 3548
3546 3557
3547 3554
3549 3568
3550 3556
3550 3569
3551 3554
3551 3563
3552 3561
3553 3561
3553 3892
3554 3583
3554 3946
3555 3901
3555 4335
3556 3558
3557 3560
3557 3566
3558 3560
3558 3966
3559 3562
3561 3897
3562 3565
3563 3925
3564 3869
3565 3930
3566 3966
3567 3586
3568 3808
3568 3877
3570 3571
3570 3572
3570 3573
3571 3573
3571 3575
3572 3574
3573 3579
3575 3576
3576 3577
3577 3578
3578 3580
3578 3582
3579 3584
3579 3594
3580 3581
3580 3583
3581 3586
3582 3585
3584 3593
3585 3587
3585 3589
3586 3590
3587 3588
3588 3591
3589 3592
3591 3595
3592 3597
3593 3598
3594 3596
3596 3599
3597 3603
3598 3600
3599 3601
3599 3611
3600 3602
3601 3604
3601 3608
3602 3605
3603 3606
3604 3607
3604 3615
3605 3609
3606 3621
3606 3625
3607 3612
3607 3614
3608 3610
3609 3970
3610 3617
3611 3627
3611 3631
3612 3613
3613 3623
3613 3633
3614 3616
3615 3618
3616 3619
3617 3620
3618 3628
3619 3622
3620 3624
3621 3653
3623 3626
3623 3630
3623 3632
3624 3629
3626 3643
3627 3635
3628 3629
3628 3633
3630 3639
3631 3634
3631 3637
3632 3638
3632 3647
3634 3636
3635 3652
3636 3648
3636 3649
3637 3642
3637 3643
3638 3641
3638 3644
3639 3640
3639 3645
3640 3650
3641 3646
3641 3667
3642 3645
3642 3657
3643 3645
3644 3655
3646 3651
3647 3650
3649 3658
3650 3655
3651 3656
3652 3654
3655 3656
3656 3660
3657 3659
3658 3664
3658 3670
3658 3671
3659 3661
3660 3665
3661 3662
3662 3663
3662 3668
3663 3666
3664 3676
3665 3672
3665 3675
3666 3669
3667 3673
3668 3685
3669 3674
3671 3683
3672 3679
3672 3682
3673 3687
3673 3953
3674 3678
3675 3677
3675 3680
3677 3943
3678 3681
3680 3962
3681 3684
3684 3686
3687 3949
3688 3689
3689 3690
3689 3692
3690 3691
3691 3693
3693 3694
3693 3695
3694 3696
3695 3698
3696 3697
3696 3700
3697 3705
3698 3699
3699 3701
3699 3702
3700 3703
3701 3702
3701 3704
3703 3714
3704 3707
3705 3706
3705 3715
3706 3711
3707 3708
3707 3710
3708 3709
3709 3713
3710 3712
3712 3716
3714 3717
3714 3719
3716 3718
3717 3723
3717 3725
3717 3731
3718 3720
3718 3721
3719 3722
3719 3724
3722 3730
3723 3726
3724 3727
3725 3728
3725 3729
3726 3732
3727 3735
3728 3745
3729 3733
3729 3736
3730 3740
3731 3734
3732 3737
3732 3741
3733 3735
3734 3738
3735 3743
3736 3750
3738 3739
3738 3741
3738 3749
3739 3746
3740 3742
3741 3747
3742 3744
3743 3751
3744 3748
3745 3746
3746 3750
3747 3755
3748 3753
3749 3754
3750 3752
3751 3758
3752 3758
3754 3757
3754 3760
3755 3756
3756 3759
3757 3766
3758 3764
3758 3770
3759 3761
3759 3763
3760 3768
3761 3762
3763 3765
3764 3767
3764 3774
3765 3769
3766 3771
3766 3773
3767 3777
3768 3772
3769 3772
3769 3775
3769 3778
3770 3793
3771 3780
3773 3776
3774 3782
3775 3781
3776 3784
3776 3785
3777 3779
3778 3783
3779 3789
3780 3786
3782 3787
3784 3788
3784 3794
3785 3790
3785 3797
3786 3796
3787 3791
3788 3790
3788 3795
3789 3803
3789 3804
3789 3805
3790 3792
3791 3796
3792 3798
3792 3799
3793 3800
3793 4343
3794 3802
3795 4919
3797 3801
3798 4933
3806 3807
3806 3808
3807 3809
3807 3811
3807 3815
3808 3814
3809 3810
3810 3813
3811 3812
3811 3818
3812 3823
3813 3814
3813 3820
3814 3817
3815 3816
3816 3822
3816 3829
3817 3819
3820 3821
3820 3825
3821 3824
3822 3826
3822 3831
3823 3833
3824 3827
3824 3828
3826 3830
3826 3834
3827 3832
3827 3836
3827 3837
3828 3836
3830 3839
3831 3842
3831 3846
3832 3840
3833 3835
3833 3845
3833 3848
3834 3839
3834 3843
3835 3847
3836 3838
3837 3841
3838 3849
3840 3844
3841 3852
3842 3850
3842 3862
3843 3861
3844 3854
3844 3859
3845 3855
3845 3865
3847 3860
3848 3851
3848 3857
3849 3853
3850 3863
3851 3881
3852 3853
3854 3866
3854 3867
3855 3856
3856 3864
3856 3868
3857 3858
3857 3874
3858 3875
3862 3873
3865 3876
3865 3879
3867 3869
3868 3870
3868 3871
3869 3877
3870 3872
3871 3872
3873 3878
3874 3883
3874 3897
3875 3887
3876 3880
3876 3882
3878 3884
3879 3889
3879 3891
3880 3885
3881 3890
3882 3885
3883 3886
3886 3892
3887 3888
3888 3893
3889 3894
3890 3895
3891 3903
3892 3896
3893 3897
3894 3900
3894 3907
3895 3901
3896 3898
3898 3899
3900 3902
3902 3904
3902 3905
3903 3908
3903 3914
3903 4335
3904 3906
3905 3909
3906 3913
3906 3917
3907 3910
3907 3911
3908 3911
3908 3915
3908 3916
3909 3912
3910 3918
3910 3921
3912 4228
3913 4228
3914 3944
3916 3919
3917 4255
3918 3920
3919 3922
3921 3991
3921 4333
3922 3923
3922 4338
3923 4337
3925 3926
3926 3927
3927 3928
3928 3929
3929 3930
3929 3931
3931 3932
3932 3933
3933 3934
3934 3935
3935 3936
3935 3937
3936 3938
3937 3940
3938 3939
3938 3941
3939 3943
3940 3942
3941 3945
3942 3946
3943 3944
3944 3947
3945 3948
3946 3949
3947 3950
3948 3951
3950 3952
3950 3954
3951 3953
3952 3956
3954 3955
3954 3956
3956 3957
3957 3958
3958 3959
3959 3960
3960 3961
3961 3962
3963 3964
3964 3965
3967 3968
3969 3970
3971 3972
3972 3973
3973 3974
3974 3975
3975 3976
3976 3977
3977 3978
3978 3979
3979 3980
3981 3982
3982 3983
3983 3984
3985 3986
3985 3987
3985 3988
3986 3987
3988 3989
3989 3990
3989 3991
3992 3993
3993 3994
3993 3996
3994 3995
3995 3997
3996 3999
3996 4003
3997 3998
3998 4000
3999 4004
3999 4007
4000 4001
4001 4002
4003 4006
4003 4011
4004 4005
4004 4008
4005 4015
4006 4010
4007 4012
4007 4015
4008 4009
4008 4016
4009 4020
4010 4013
4010 4014
4011 4016
4011 4017
4012 4022
4013 4014
4015 4020
4016 4019
4017 4018
4018 4021
4019 4023
4019 4024
4020 4024
4021 4025
4021 4027
4022 4038
4023 4026
4023 4029
4024 4033
4025 4026
4025 4032
4027 4028
4027 4030
4028 4036
4028 4042
4029 4031
4030 4034
4031 4035
4032 4037
4034 4041
4034 4044
4035 4037
4036 4039
4036 4046
4037 4040
4038 4060
4039 4047
4041 4043
4042 4048
4043 4045
4044 4067
4045 4049
4046 4051
4046 4052
4047 4053
4047 4054
4048 4050
4048 4056
4048 4057
4049 4055
4049 4061
4050 4070
4051 4064
4051 4066
4052 4059
4052 4077
4054 4058
4055 4067
4056 4065
4056 4074
4057 4063
4058 4062
4058 4068
4059 4073
4060 4071
4060 4083
4061 4069
4062 4078
4063 4066
4064 4076
4065 4081
4066 4086
4068 4072
4071 4075
4073 4095
4073 4102
4074 4091
4075 4080
4076 4079
4077 4087
4078 4094
4078 4119
4079 4082
4080 4101
4081 4085
4082 4084
4083 4089
4085 4090
4086 4088
4086 4099
4087 4093
4088 4097
4089 4092
4091 4096
4093 4095
4096 4098
4096 4104
4097 4100
4097 4105
4098 4103
4100 4106
4101 4109
4101 4118
4102 4108
4102 4111
4105 4107
4106 4136
4106 4149
4108 4121
4109 4121
4110 4111
4112 4113
4112 4114
4115 4116
4118 4119
4122 4123
4122 4126
4123 4124
4124 4125
4126 4127
4127 4128
4127 4129
4129 4130
4130 4131
4130 4132
4131 4132
4133 4134
4134 4135
4135 4136
4136 4137
4137 4138
4138 4139
4139 4140
4141 4142
4142 4143
4145 4146
4145 4147
4146 4149
4147 4148
4151 4152
4151 4153
4152 4154
4152 4155
4152 4156
4153 4160
4154 4157
4154 4159
4155 4158
4156 4161
4159 4162
4161 4163
4162 4164
4163 4165
4164 4173
4165 4166
4165 4167
4166 4168
4166 4169
4167 4170
4168 4169
4170 4171
4170 4172
4171 4175
4172 4174
4173 4175
4173 4184
4174 4176
4174 4177
4175 4181
4176 4178
4177 4180
4178 4179
4179 4180
4181 4182
4182 4183
4183 4185
4185 4186
4186 4187
4187 4188
4188 4189
4188 4190
4188 4191
4189 4195
4190 4192
4191 4193
4192 4194
4193 4199
4194 4197
4195 4196
4196 4198
4197 4207
4198 4211
4199 4200
4199 4201
4200 4202
4201 4206
4202 4203
4202 4204
4203 4205
4204 4208
4204 4214
4205 4209
4206 4210
4207 4221
4208 4216
4209 4212
4210 4213
4211 4222
4212 4218
4213 4215
4214 4217
4218 4219
4219 4220
4221 4224
4222 4223
4225 4226
4225 4227
4225 4228
4226 4232
4227 4229
4227 4233
4229 4230
4229 4236
4230 4231
4232 4234
4232 4235
4234 4237
4235 4238
4237 4239
4237 4240
4237 4241
4238 4243
4239 4245
4240 4242
4241 4246
4241 4254
4242 4244
4243 4248
4244 4247
4244 4250
4245 4256
4247 4249
4247 4251
4248 4255
4249 4252
4250 4253
4250 4259
4251 4252
4253 4257
4253 4266
4254 4258
4254 4261
4255 4262
4256 4261
4256 4270
4257 4260
4257 4263
4258 4265
4259 4264
4259 4264
4260 4263
4261 4267
4265 4268
4268 4269
4269 4273
4270 4271
4271 4272
4272 4275
4272 4282
4273 4274
4274 4276
4275 4277
4275 4279
4276 4278
4276 4282
4276 4284
4277 4283
4278 4286
4279 4280
4279 4281
4280 4290
4281 4285
4281 4292
4283 4287
4285 4288
4286 4289
4288 4293
4288 4295
4289 4294
4290 4291
4292 4300
4292 4302
4293 4296
4295 4298
4296 4297
4297 4299
4298 4301
4300 4317
4301 4303
4301 4304
4302 4305
4302 4307
4303 4306
4305 4308
4305 4310
4306 4309
4307 4311
4308 4312
4308 4320
4310 4316
4311 4313
4312 4319
4312 4332
4313 4314
4314 4315
4315 4318
4316 4321
4317 4327
4317 4332
4318 4323
4318 4324
4320 4322
4321 4328
4322 4325
4323 4326
4325 4329
4327 4330
4330 4331
4333 4334
4337 4338
4339 4340
4340 4341
4341 4342
4342 4343
4345 4346
4348 4349
4348 4350
4349 4351
4354 4355
4354 4356
4355 4357
4356 4357
4358 4359
4358 4363
4359 4360
4360 4361
4361 4362
