3676 5741
3676 5746
3682 5768
3682 5772
3683 5764
3685 5764
3685 5774
3685 5775
3685 5778
3686 5777
3795 5819
3799 5783
3800 5784
3800 5818
3801 5790
3802 5835
3803 5836
3804 5838
3805 5820
3805 5840
3911 5767
3915 5767
4092 5724
4092 5758
4103 6086
4362 4364
4363 4368
4364 4365
4364 4367
4365 4366
4366 4390
4367 4373
4367 4374
4368 4369
4368 4375
4369 4370
4369 4371
4370 4372
4370 4379
4371 4376
4371 4378
4373 4381
4374 4380
4374 4385
4375 4382
4376 4377
4376 4379
4377 4384
4377 4389
4378 4383
4379 4397
4380 4386
4381 4387
4382 4383
4383 4389
4384 4393
4384 4402
4385 4388
4386 4391
4387 4395
4388 4401
4390 4392
4390 4394
4391 4399
4392 4403
4393 4397
4393 4406
4394 4396
4395 4396
4395 4399
4396 4398
4397 4400
4398 4404
4398 4408
4401 4405
4401 4407
4402 4417
4404 4411
4405 4426
4406 4409
4406 4410
4407 4418
4408 4419
4408 4421
4409 4414
4409 4443
4410 4413
4410 4415
4411 4412
4411 4416
4411 4428
4412 4426
4414 4422
4414 4427
4415 4420
4415 4424
4416 4418
4416 4425
4417 4423
4419 4433
4419 4435
4420 4429
4420 4430
4422 4437
4423 4438
4425 4432
4426 4439
4426 4444
4427 4431
4428 4441
4429 4436
4429 4440
4430 4434
4433 4449
4434 4442
4434 4446
4439 4457
4440 4445
4440 4446
4441 4449
4443 4448
4443 4454
4443 4456
4444 4447
4444 4459
4446 4451
4447 4450
4448 4453
4448 4455
4449 4457
4450 4452
4451 4465
4452 4460
4453 4468
4454 4458
4454 4606
4455 4462
4455 4467
4456 4464
4457 4501
4458 4461
4458 4470
4460 4466
4461 4472
4462 4463
4462 4475
4463 4471
4463 4523
4465 4619
4465 4846
4466 4512
4467 4469
4468 4469
4468 4475
4470 4473
4470 4708
4471 4474
4472 4608
4472 4611
4473 4701
4473 4858
4474 4521
4476 4477
4477 4478
4478 4479
4478 4481
4479 4480
4482 4483
4482 4485
4482 4488
4483 4484
4483 4485
4484 4487
4485 4486
4486 4489
4487 4491
4488 4490
4488 4494
4489 4492
4490 4493
4491 4496
4491 4497
4492 4508
4493 4495
4494 4501
4494 4502
4495 4498
4496 4500
4497 4499
4497 4505
4498 4503
4499 4502
4502 4504
4503 4506
4504 4507
4506 4509
4509 4510
4510 4511
4510 4512
4513 4514
4513 4515
4513 4516
4514 4520
4515 4517
4515 4518
4516 4520
4516 4521
4517 4519
4518 4519
4520 4522
4520 4523
4522 4525
4522 4527
4523 4524
4524 4527
4525 4526
4525 4528
4526 4529
4526 4531
4527 4532
4528 4530
4528 4533
4529 4541
4529 4542
4530 4534
4530 4538
4531 4536
4531 4542
4532 4536
4532 4539
4533 4535
4533 4537
4534 4550
4534 4551
4535 4540
4536 4544
4537 4540
4538 4547
4538 4548
4539 4544
4541 4543
4542 4545
4543 4549
4544 4546
4545 4554
4545 4557
4546 4557
4547 4553
4547 4561
4549 4556
4550 4552
4550 4564
4551 4555
4551 4558
4552 4562
4552 4565
4553 4560
4555 4559
4556 4563
4558 4559
4562 4571
4564 4566
4564 4567
4565 4568
4566 4569
4567 4569
4568 4570
4571 4572
4572 4573
4572 4575
4573 4574
4574 4576
4575 4577
4577 4578
4577 4581
4578 4579
4579 4580
4581 4582
4582 4583
4583 4584
4583 4585
4584 4587
4584 4589
4585 4586
4585 4588
4586 4590
4586 4591
4588 4593
4588 4595
4589 4592
4590 4594
4592 4596
4594 4597
4594 4598
4595 4599
4595 4600
4596 4604
4596 4607
4597 4602
4599 4601
4600 4601
4602 4603
4603 4605
4603 4606
4604 4608
4604 4613
4605 4611
4607 4609
4607 4610
4608 4619
4609 4612
4610 4617
4610 4624
4612 4614
4613 4615
4613 4618
4615 4616
4616 4622
4617 4621
4618 4620
4618 4623
4619 4620
4621 4622
4621 4623
4623 4625
4625 4626
4625 4627
4627 4628
4627 4630
4628 4629
4630 4846
4632 4633
4632 4634
4634 4635
4636 4637
4637 4638
4639 4640
4640 4641
4641 4642
4642 4643
4643 4644
4644 4645
4644 4647
4645 4646
4646 4650
4646 4651
4647 4648
4648 4649
4650 4652
4652 4653
4654 4655
4654 4657
4655 4656
4656 4658
4657 4661
4658 4659
4659 4660
4660 4662
4661 4663
4662 4664
4663 4665
4665 4666
4666 4667
4666 4668
4666 4669
4667 4670
4667 4671
4668 4670
4669 4671
4672 4673
4673 4674
4674 4675
4675 4676
4676 4677
4677 4678
4678 4679
4679 4680
4680 4681
4683 4684
4683 4685
4683 4687
4684 4686
4685 4686
4687 4688
4688 4689
4688 4690
4690 4691
4691 4692
4691 4692
4694 4695
4694 4696
4696 4697
4697 4698
4698 4699
4701 4702
4701 4703
4702 4704
4703 4704
4705 4706
4706 4707
4708 4709
4709 4710
4710 4711
4712 4713
4713 4714
4714 4715
4715 4716
4716 4717
4717 4718
4718 4719
4719 4720
4720 4721
4721 4722
4722 4723
4723 4724
4724 4725
4725 4726
4726 4727
4727 4728
4728 4729
4729 4730
4730 4731
4731 4732
4732 4733
4733 4734
4734 4735
4735 4736
4736 4737
4737 4738
4738 4739
4739 4740
4740 4741
4741 4742
4742 4743
4743 4744
4744 4745
4745 4746
4745 4748
4746 4747
4747 4749
4748 4750
4749 4751
4750 4752
4751 4753
4751 4754
4752 4759
4753 4755
4753 4760
4754 4756
4754 4758
4755 4757
4755 4769
4756 4763
4757 4765
4757 4766
4758 4762
4758 4772
4759 4768
4760 4761
4761 4764
4762 4773
4763 4771
4765 4767
4766 4777
4766 4780
4767 4770
4768 4775
4770 4774
4771 4778
4772 4774
4773 4776
4773 4791
4775 4789
4776 4781
4776 4785
4777 4779
4778 4784
4780 4782
4780 4787
4781 4783
4781 4788
4782 4796
4782 4798
4783 4786
4784 4799
4786 4790
4786 4793
4787 4797
4787 4803
4787 4809
4788 4792
4788 5382
4789 4821
4790 4794
4791 4797
4791 4804
4792 4795
4793 4794
4797 4800
4798 4806
4799 4808
4799 5365
4800 4801
4801 4802
4803 4805
4803 4813
4804 4807
4804 4824
4805 4825
4806 4810
4807 4812
4807 4819
4809 4811
4809 4814
4810 4822
4810 4828
4811 4820
4811 4826
4812 4823
4813 4815
4813 4816
4814 4817
4815 4818
4816 4818
4817 4820
4819 5649
4821 5624
4822 4829
4822 5479
4823 4827
4823 5645
4825 5683
4826 5564
4826 5686
4827 5559
4828 5521
4828 5676
4829 5475
4829 5495
4833 4834
4834 4835
4835 4836
4836 4837
4837 4838
4838 4839
4839 4840
4841 4842
4842 4843
4843 4844
4844 4845
4847 4848
4847 4849
4848 4850
4849 4850
4854 4855
4854 4856
4854 4858
4855 4857
4856 4857
4860 4861
4861 4862
4861 4863
4863 4864
4864 4865
4865 4866
4866 4867
4868 4869
4869 4870
4869 4872
4870 4871
4871 4875
4872 4873
4872 4874
4873 4876
4874 4877
4875 4878
4875 4881
4876 4878
4877 4879
4877 4892
4878 4880
4879 4885
4880 4882
4881 4883
4881 4886
4882 4884
4884 4886
4884 4888
4885 4887
4887 4889
4888 4892
4889 4890
4890 4891
4891 4894
4892 4893
4892 4895
4893 4895
4894 4896
4895 4898
4896 4897
4897 4899
4899 4900
4900 4901
4901 4902
4901 4903
4902 4908
4903 4904
4904 4905
4905 4906
4906 4907
4907 4909
4908 4912
4909 4910
4910 4911
4912 4913
4913 4914
4914 4915
4915 4916
4916 4917
4916 4918
4917 4919
4918 4920
4920 4921
4921 4922
4922 4923
4923 4924
4924 4925
4925 4926
4925 4930
4926 4927
4927 4928
4928 4929
4930 4931
4930 4932
4931 4933
4932 4934
4934 4935
4935 4936
4935 4937
4936 4938
4937 4940
4938 4939
4940 4941
4942 4943
4942 4944
4945 4946
4945 4947
4946 4948
4947 4950
4947 4952
4948 4949
4949 4951
4954 4955
4957 4958
4958 4959
4961 4962
4961 4963
4962 4964
4964 4965
4965 4966
4965 4968
4966 4967
4967 4969
4968 4970
4968 4971
4970 4972
4973 4974
4976 4977
4977 4978
4980 4981
4980 4982
4980 4983
4980 4988
4981 4984
4981 4997
4982 4985
4983 4989
4983 4990
4984 4986
4985 4992
4985 4994
4986 4987
4988 4993
4989 4991
4990 5001
4991 4996
4991 4999
4992 5000
4993 5003
4993 5025
4994 4995
4994 5006
4995 5007
4996 4998
4997 5012
4999 5002
4999 5014
5000 5008
5001 5004
5001 5019
5002 5004
5002 5016
5003 5005
5003 5020
5003 5097
5004 5015
5005 5011
5006 5009
5006 5010
5007 5018
5008 5017
5009 5013
5010 5013
5011 5023
5012 5027
5014 5025
5014 5040
5015 5024
5016 5021
5017 5030
5017 5035
5018 5022
5019 5028
5019 5029
5020 5026
5022 5043
5022 5044
5022 5046
5024 5034
5026 5042
5026 5047
5027 5031
5028 5034
5029 5036
5029 5038
5030 5032
5030 5033
5031 5048
5032 5037
5033 5037
5035 5041
5036 5039
5038 5049
5038 5088
5039 5045
5039 5064
5040 5053
5041 5050
5043 5057
5043 5059
5044 5069
5045 5052
5046 5080
5047 5051
5047 5055
5048 5445
5049 5054
5049 5070
5050 5062
5051 5071
5052 5056
5053 5060
5053 5065
5054 5058
5054 5061
5055 5067
5056 5068
5057 5063
5057 5076
5058 5073
5058 5079
5059 5077
5060 5072
5060 5074
5061 5609
5062 5700
5063 5086
5063 5090
5064 5075
5064 5082
5065 5066
5065 5087
5066 5713
5067 5544
5068 5081
5069 5083
5069 5091
5071 5078
5072 5097
5073 5094
5074 5084
5074 5087
5075 5085
5076 5177
5077 5550
5078 5095
5078 5413
5080 5096
5080 5184
5081 5711
5082 5089
5083 5093
5083 5545
5085 5570
5085 5578
5086 5137
5086 5710
5087 5092
5088 5586
5090 5547
5091 5550
5093 5253
5093 5553
5095 5443
5096 5199
5097 5543
5098 5099
5098 5120
5099 5100
5099 5101
5100 5102
5100 5105
5100 5108
5101 5103
5102 5106
5103 5104
5104 5110
5105 5107
5105 5109
5106 5113
5107 5112
5108 5115
5108 5119
5109 5111
5110 5117
5110 5118
5111 5114
5112 5133
5113 5129
5114 5116
5115 5126
5116 5123
5116 5134
5117 5124
5118 5121
5118 5122
5119 5132
5120 5125
5120 5130
5121 5127
5122 5130
5123 5135
5123 5141
5125 5128
5125 5131
5127 5140
5128 5159
5129 5138
5129 5158
5130 5136
5131 5142
5131 5144
5132 5143
5133 5166
5133 5195
5134 5145
5134 5175
5135 5147
5135 5158
5136 5137
5136 5146
5138 5139
5138 5148
5139 5150
5139 5152
5140 5151
5140 5179
5141 5161
5141 5176
5141 5203
5142 5149
5142 5153
5143 5160
5144 5174
5145 5162
5145 5164
5146 5157
5148 5160
5149 5155
5150 5154
5150 5187
5151 5165
5152 5163
5153 5155
5154 5156
5156 5183
5157 5167
5157 5172
5158 5171
5159 5166
5161 5171
5162 5170
5163 5168
5163 5189
5165 5169
5165 5180
5167 5188
5168 5182
5169 5177
5170 5173
5171 5181
5173 5178
5174 5206
5174 5211
5175 5186
5175 5194
5176 5197
5176 5452
5179 5199
5179 5212
5180 5184
5182 5185
5183 5191
5184 5196
5186 5190
5186 5205
5187 5201
5188 5209
5189 5192
5190 5213
5191 5193
5191 5204
5192 5198
5194 5200
5197 5200
5198 5207
5199 5202
5200 5456
5201 5674
5202 5208
5203 5215
5203 5463
5204 5210
5204 5557
5204 5641
5205 5460
5206 5209
5206 5214
5209 5552
5210 5642
5211 5218
5211 5287
5212 5673
5213 5990
5214 5701
5214 5704
5216 5217
5216 5218
5217 5219
5217 5220
5218 5221
5219 5231
5220 5222
5220 5225
5221 5223
5222 5226
5223 5224
5223 5229
5224 5227
5225 5228
5225 5230
5226 5234
5226 5240
5227 5237
5228 5232
5229 5243
5230 5232
5231 5233
5231 5242
5231 5262
5233 5235
5234 5238
5234 5239
5235 5236
5236 5247
5237 5244
5237 5245
5238 5239
5239 5241
5240 5246
5240 5251
5242 5250
5243 5249
5244 5245
5246 5250
5246 5267
5247 5248
5247 5256
5248 5254
5248 5271
5249 5252
5249 5265
5250 5259
5250 5290
5251 5253
5251 5255
5252 5258
5252 5269
5253 5272
5254 5257
5255 5263
5256 5260
5256 5268
5257 5261
5258 5273
5258 5286
5259 5270
5259 5279
5260 5266
5261 5264
5262 5282
5262 5283
5263 5277
5265 5269
5266 5268
5271 5274
5272 5276
5273 5275
5275 5278
5275 5281
5277 5287
5278 5280
5278 5284
5279 5285
5280 5288
5281 5284
5282 5301
5282 5310
5283 5289
5283 5298
5285 5294
5286 5292
5288 5291
5289 5296
5289 5300
5291 5293
5291 5297
5292 5304
5292 5306
5293 5295
5293 5299
5294 5303
5295 5302
5296 5305
5296 5312
5297 5299
5300 5315
5300 5318
5301 5303
5301 5327
5302 5308
5304 5307
5305 5309
5305 5325
5307 5314
5307 5317
5308 5313
5308 5332
5309 5311
5309 5311
5310 5322
5313 5316
5313 5320
5314 5328
5315 5319
5315 5321
5316 5323
5317 5330
5317 5332
5318 5326
5318 5331
5319 5324
5320 5323
5321 5324
5322 5329
5328 5949
5329 5381
5329 5667
5330 5333
5333 5947
5333 5987
5334 5335
5334 5337
5335 5336
5336 5338
5337 5339
5338 5340
5339 5342
5340 5341
5340 5344
5341 5343
5341 5345
5342 5348
5343 5347
5344 5346
5345 5349
5346 5354
5347 5350
5348 5353
5348 5369
5349 5351
5349 5363
5350 5351
5351 5352
5351 5361
5352 5355
5353 5356
5354 5359
5355 5360
5356 5357
5356 5358
5357 5365
5358 5367
5358 5368
5359 5375
5360 5366
5361 5362
5361 5364
5362 5384
5363 5370
5364 5378
5366 5372
5367 5385
5368 5376
5368 5410
5369 5371
5369 5373
5370 5374
5371 5377
5372 5381
5373 5388
5374 5379
5375 5380
5376 5382
5377 5392
5378 5403
5379 5383
5379 5390
5380 5419
5381 5397
5381 5415
5383 5386
5384 5387
5384 5409
5385 5393
5385 5410
5386 5391
5386 5394
5387 5400
5387 5407
5388 5389
5388 5405
5389 5413
5390 5396
5390 5406
5391 5395
5391 5401
5392 5714
5393 5402
5394 5396
5395 5399
5396 5398
5397 5407
5398 5408
5399 5404
5400 5431
5401 5411
5402 5432
5403 5439
5404 5408
5404 5412
5405 5426
5406 5430
5407 5416
5409 5428
5409 5569
5410 5648
5411 5425
5412 5414
5412 5421
5413 5434
5414 5420
5414 5424
5415 5417
5415 5429
5416 5427
5417 5418
5418 5433
5418 5442
5419 5422
5420 5425
5421 5423
5421 5424
5422 5443
5423 5448
5424 5436
5426 5438
5427 5441
5428 5431
5429 5435
5431 5445
5432 5434
5433 5437
5433 5444
5436 5444
5436 5446
5437 5440
5437 5449
5438 5653
5439 5447
5441 5670
5442 5566
5444 5451
5446 5959
5449 5450
5449 5969
5450 5919
5451 5989
5452 5453
5453 5454
5453 5456
5454 5455
5455 5457
5456 5458
5457 5459
5459 5460
5459 5461
5460 5462
5463 5464
5464 5465
5466 5467
5466 5468
5466 5470
5467 5471
5468 5469
5468 5479
5469 5474
5470 5472
5471 5473
5471 5476
5472 5475
5472 5480
5473 5478
5474 5477
5475 5479
5476 5481
5477 5481
5478 5482
5478 5483
5480 5490
5481 5484
5482 5485
5483 5486
5485 5492
5486 5487
5486 5488
5487 5488
5487 5489
5490 5491
5491 5493
5492 5494
5492 5496
5493 5495
5494 5497
5496 5498
5497 5499
5499 5500
5499 5501
5500 5502
5501 5503
5502 5504
5502 5506
5503 5505
5504 5507
5505 5508
5506 5507
5508 5509
5508 5510
5509 5511
5509 5512
5510 5513
5510 5514
5511 5521
5512 5515
5513 5517
5514 5516
5514 5519
5515 5518
5515 5520
5517 5524
5518 5522
5519 5523
5520 5525
5521 5529
5522 5532
5523 5526
5523 5528
5525 5527
5526 5535
5528 5530
5529 5532
5530 5531
5531 5533
5531 5534
5533 5534
5535 5536
5535 5536
5537 5538
5538 5539
5538 5541
5539 5540
5539 5544
5541 5542
5542 5543
5546 5547
5547 5548
5548 5549
5549 5550
5549 5551
5551 5552
5551 5553
5552 5554
5554 5555
5558 5559
5559 5560
5560 5561
5561 5562
5562 5563
5562 5565
5563 5564
5567 5568
5568 5569
5570 5571
5570 5572
5571 5573
5571 5575
5572 5578
5573 5574
5574 5576
5575 5579
5575 5585
5576 5577
5576 5582
5577 5580
5579 5581
5579 5583
5580 5587
5580 5588
5581 5584
5582 5586
5583 5584
5585 5589
5587 5591
5587 5597
5588 5590
5589 5593
5590 5592
5590 5594
5591 5596
5591 5598
5592 5594
5593 5595
5595 5600
5596 5601
5596 5604
5597 5599
5598 5605
5598 5607
5599 5602
5599 5603
5601 5608
5602 5606
5603 5604
5603 5606
5607 5609
5607 5611
5608 5610
5608 5612
5612 5613
5613 5614
5613 5615
5614 5616
5615 5617
5618 5619
5618 5620
5619 5621
5620 5622
5621 5623
5624 5625
5625 5626
5626 5627
5627 5628
5628 5629
5629 5630
5630 5631
5631 5632
5632 5633
5633 5634
5634 5635
5635 5636
5637 5638
5638 5639
5643 5644
5644 5645
5644 5648
5645 5646
5646 5647
5647 5649
5649 5650
5650 5651
5651 5652
5653 5654
5654 5655
5655 5656
5657 5658
5657 5659
5658 5660
5660 5661
5660 5663
5661 5662
5662 5664
5666 5667
5669 5670
5671 5672
5674 5675
5676 5677
5676 5678
5677 5679
5678 5682
5679 5680
5679 5681
5680 5683
5681 5684
5684 5685
5685 5686
5687 5688
5688 5689
5689 5690
5689 5694
5690 5691
5691 5692
5692 5693
5693 5695
5694 5697
5695 5696
5696 5698
5701 5702
5702 5703
5703 5704
5705 5706
5706 5707
5708 5709
5709 5710
5711 5712
5712 5713
5715 5716
5715 5717
5718 5719
5719 5720
5721 5722
5721 5723
5722 5724
5723 5725
5725 5726
5725 5731
5726 5727
5726 5732
5727 5728
5727 5729
5728 5729
5729 5730
5731 5733
5732 5737
5733 5734
5734 5735
5735 5736
5736 5738
5737 5739
5737 5740
5738 5743
5739 5741
5740 5742
5743 5744
5744 5745
5744 5747
5745 5746
5745 5748
5747 5749
5748 5750
5749 5751
5751 5752
5752 5753
5753 5754
5754 5755
5755 5756
5756 5757
5759 5760
5760 5761
5761 5762
5762 5763
5763 5764
5765 5766
5765 5767
5768 5769
5769 5770
5770 5771
5775 5776
5776 5777
5778 5779
5778 5780
5779 5781
5780 5781
5785 5786
5785 5787
5785 5789
5786 5788
5787 5788
5789 5790
5789 5791
5791 5792
5792 5793
5792 5794
5793 5795
5796 5797
5797 5798
5798 5799
5799 5800
5800 5801
5801 5802
5802 5803
5803 5804
5804 5805
5805 5806
5806 5807
5807 5808
5808 5809
5809 5810
5810 5811
5811 5812
5812 5813
5813 5814
5814 5815
5815 5816
5816 5817
5819 5820
5821 5822
5822 5823
5823 5824
5824 5825
5826 5827
5826 5830
5827 5828
5828 5829
5829 5832
5830 5831
5832 5833
5833 5834
5835 5836
5838 5839
5840 5841
5841 5842
5843 5844
5843 5845
5843 5846
5844 5848
5845 5847
5846 5847
5846 5849
5848 5850
5849 5851
5849 5853
5850 5852
5852 5854
5853 5855
5854 5855
5855 5856
5857 5858
5858 5859
5859 5860
5859 5861
5861 5862
5862 5863
5864 5865
5866 5867
5867 5868
5868 5869
5868 5872
5869 5870
5869 5871
5870 5871
5873 5874
5873 5875
5873 5876
5874 5877
5876 5878
5879 5880
5880 5881
5882 5883
5886 5887
5887 5888
5887 5889
5896 5897
5898 5899
5901 5902
5902 5903
5903 5904
5905 5906
5906 5907
5909 5910
5910 5911
5911 5912
5914 5915
5916 5917
5917 5918
5917 5919
5918 5920
5919 5921
5920 5921
5922 5923
5923 5924
5923 5925
5924 5926
5924 5927
5925 5928
5925 5929
5926 5930
5926 5942
5927 5931
5928 5932
5928 5933
5930 5934
5930 5935
5931 5932
5933 5938
5934 5936
5934 5943
5935 5937
5937 5939
5938 5940
5938 5941
5939 5940
5943 5944
5945 5946
5946 5947
5947 5948
5949 5950
5950 5951
5951 5952
5953 5954
5953 5955
5954 5956
5955 5958
5956 5957
5956 5960
5957 5961
5958 5959
5959 5969
5960 5962
5960 5966
5961 5963
5961 5964
5963 5965
5964 5968
5964 5971
5964 5976
5965 5967
5967 5970
5968 5972
5971 5973
5971 5975
5972 5977
5973 5974
5975 5979
5975 5984
5976 5978
5976 5985
5977 5980
5978 5983
5979 5981
5980 5981
5981 5982
5984 5985
5986 5987
5993 5994
5994 5995
5995 5997
5995 6002
5997 5998
5998 6000
5999 6001
6000 6003
6000 6004
6002 6007
6002 6021
6004 6005
6005 6006
6006 6008
6006 6009
6007 6012
6007 6014
6009 6010
6010 6011
6011 6013
6011 6015
6013 6017
6013 6019
6014 6016
6014 6026
6016 6018
6016 6022
6018 6023
6018 6025
6019 6020
6020 6024
6021 6033
6023 6024
6023 6027
6024 6029
6026 6028
6028 6030
6028 6031
6029 6032
6029 6050
6030 6034
6030 6036
6031 6038
6032 6035
6032 6037
6033 6038
6033 6042
6034 6040
6035 6041
6035 6046
6036 6045
6036 6051
6038 6039
6039 6043
6039 6044
6040 6042
6041 6047
6041 6048
6042 6051
6045 6050
6045 6055
6047 6049
6047 6061
6049 6053
6050 6052
6051 6055
6052 6054
6052 6062
6054 6056
6055 6062
6056 6057
6057 6058
6057 6059
6058 6063
6059 6060
6060 6064
6060 6065
6061 6064
6061 6067
6062 6068
6063 6068
6065 6066
6067 6069
6067 6070
6069 6071
6069 6072
6070 6072
6071 6074
6072 6073
6074 6075
6075 6076
6078 6079
6079 6080
6080 6081
6081 6082
6083 6084
6083 6085
6083 6087
6085 6086
6085 6089
6087 6088
6087 6090
6088 6093
6089 6091
6090 6092
6091 6092
6093 6094
6094 6095
6094 6096
6095 6096
6097 6098
6098 6099
6099 6100
6100 6101
6101 6102
