[0, 1, 2]
[1, 3]
[2, 5]
[3, 4]
[4, 6]
[5, 7]
[6, 8, 9]
[7, 11]
[8, 10]
[9, 21]
[10, 12, 13]
[11, 37]
[12, 14, 16]
[13, 17]
[14, 15, 18]
[15, 19, 23]
[16, 18, 20]
[17, 24]
[18, 23]
[19, 22, 30]
[20, 25, 31]
[21, 27]
[22, 29, 36]
[23, 26]
[24, 28, 40]
[25, 32, 38]
[26, 30, 31]
[27, 33]
[28, 35, 43]
[29, 34, 41]
[30, 36]
[31, 38]
[32, 44]
[33, 66]
[34, 35, 39]
[35, 47]
[36, 41]
[37, 50]
[38, 44]
[39, 46, 48]
[40, 42, 43]
[41, 46]
[42, 45]
[43, 52]
[44]
[45]
[46, 51]
[47, 49]
[48, 49]
[49, 51]
[50, 54, 59]
[51, 52, 53]
[52]
[53, 55]
[54, 56]
[55, 57]
[56, 58]
[57, 60]
[58, 62]
[59, 61, 63]
[60]
[61, 64]
[62, 65]
[63]
[64, 67]
[65, 68, 69]
[66, 74, 78, 82]
[67, 77]
[68, 72, 83]
[69, 70]
[70, 71]
[71, 73]
[72, 76]
[73, 75]
[74, 80, 92, 96]
[75, 79]
[76, 81]
[77, 85]
[78, 828]
[79, 86, 87]
[80, 89]
[81, 84]
[82, 713]
[83, 88, 98]
[84, 93]
[85, 91, 102, 2567]
[86, 95]
[87, 103, 5985]
[88, 90, 94]
[89, 110]
[90, 100]
[91, 99]
[92, 104]
[93, 101, 113]
[94, 97, 107]
[95]
[96, 105]
[97, 106]
[98, 114]
[99, 5979, 5984]
[100]
[101, 116, 5430]
[102, 109]
[103, 111, 5988]
[104, 2685]
[105, 108, 2549]
[106, 5992]
[107, 113, 117]
[108, 112, 2641]
[109, 2565]
[110, 2501]
[111]
[112, 115]
[113, 5962]
[114]
[115, 2648]
[116, 5448]
[117, 5983]
[118, 119, 121]
[119, 120, 122]
[120, 124]
[121, 123]
[122, 127]
[123, 125]
[124, 138]
[125, 126]
[126, 128, 129, 130]
[127, 201]
[128, 134]
[129, 184]
[130, 131, 132, 133]
[131, 146]
[132, 135]
[133, 140]
[134, 136, 139]
[135, 142]
[136, 137, 143]
[137, 141]
[138, 590]
[139, 144, 159]
[140, 145, 147]
[141, 153]
[142, 151, 157]
[143, 149]
[144, 156]
[145, 148]
[146, 160]
[147, 158]
[148, 150, 152]
[149, 154]
[150, 155]
[151, 161]
[152, 155]
[153, 163]
[154, 170]
[155]
[156]
[157, 169]
[158, 166, 178]
[159, 162, 164]
[160, 165]
[161, 168, 172]
[162, 190, 194]
[163, 175]
[164, 167, 177]
[165, 171, 179]
[166, 176]
[167, 173]
[168, 170, 175]
[169, 174]
[170]
[171, 189, 197]
[172, 182, 183]
[173, 180]
[174, 179, 195]
[175]
[176, 181]
[177]
[178, 196, 4941]
[179]
[180, 185]
[181, 189]
[182, 187, 188]
[183, 186, 200]
[184, 236]
[185, 191, 203]
[186, 202, 209]
[187, 192]
[188, 192]
[189]
[190, 193, 208]
[191, 199, 205]
[192]
[193, 215]
[194, 227, 3505]
[195]
[196, 198]
[197, 204, 207]
[198, 218]
[199, 211, 216]
[200, 210]
[201, 480]
[202, 220]
[203, 228]
[204, 206, 219]
[205, 214]
[206, 3755]
[207, 212]
[208, 230]
[209, 217, 223, 3843]
[210, 213]
[211, 226]
[212, 224]
[213, 222, 232]
[214, 3518]
[215, 3510]
[216, 221, 225]
[217, 3849]
[218, 5804]
[219, 229, 5837]
[220, 3924]
[221, 231]
[222, 3688, 3692]
[223, 235]
[224, 233]
[225, 231]
[226, 3513]
[227, 3452]
[228, 3841, 3924]
[229, 3711]
[230, 3500]
[231]
[232, 3688]
[233, 234]
[234, 4939, 5795]
[235, 3692, 3861]
[236, 237]
[237, 238]
[238, 239, 240, 242]
[239, 270]
[240, 241, 243, 244]
[241, 245]
[242, 253, 254, 256]
[243, 247, 248]
[244, 249, 252]
[245, 246, 250]
[246, 283]
[247, 251, 258]
[248, 261]
[249, 258, 274]
[250, 255, 260]
[251, 267]
[252]
[253, 292]
[254, 257, 280]
[255, 262, 277]
[256, 265, 3816]
[257, 259, 298]
[258, 263, 294]
[259, 278]
[260, 266]
[261, 269]
[262, 264, 272]
[263, 267, 276]
[264, 268]
[265]
[266]
[267]
[268, 271, 279]
[269, 273, 276]
[270, 309, 591]
[271, 275]
[272, 279]
[273, 281, 289]
[274]
[275, 282, 286]
[276, 285]
[277, 284, 300]
[278, 288, 296]
[279]
[280]
[281, 290]
[282, 287, 307]
[283, 293]
[284, 295, 297]
[285, 291, 345]
[286, 287]
[287]
[288, 308]
[289, 302]
[290, 326, 337, 5897]
[291, 305]
[292, 306]
[293, 299]
[294, 304]
[295, 312]
[296, 311, 320]
[297, 303]
[298, 310]
[299, 301, 319, 329]
[300, 312, 327]
[301, 341]
[302, 318, 5896]
[303, 315]
[304, 313]
[305, 316]
[306, 328, 334, 335]
[307, 314]
[308, 317, 332]
[309, 592]
[310]
[311, 325]
[312]
[313, 663, 4284]
[314, 323]
[315, 331]
[316, 324]
[317, 352]
[318, 321, 322]
[319, 323]
[320, 343]
[321, 322]
[322]
[323, 347]
[324, 330, 333, 340]
[325, 338]
[326, 339, 346]
[327, 336]
[328, 3879, 3889]
[329, 3702]
[330, 342, 350]
[331, 2142, 3721]
[332, 4336]
[333, 349]
[334, 3860]
[335, 4233]
[336, 347]
[337, 351]
[338, 4344]
[339, 2072]
[340, 344, 350]
[341, 348]
[342, 353]
[343, 4231, 4344]
[344]
[345, 685, 5896]
[346, 2085]
[347, 3720]
[348, 3829, 3863]
[349, 5890]
[350]
[351, 2096, 2145]
[352, 4246, 4269]
[353, 685]
[354, 355]
[355, 356, 358, 375]
[356, 357]
[357, 379]
[358, 359, 362, 366]
[359, 360, 361]
[360, 364]
[361, 380]
[362, 363, 370]
[363, 365, 368]
[364, 372, 384]
[365, 367]
[366, 393]
[367, 369, 371]
[368, 378, 383]
[369, 373, 374]
[370, 386]
[371, 374, 376]
[372, 377, 399, 400]
[373, 381, 387]
[374, 383]
[375]
[376]
[377, 415]
[378, 407]
[379, 448]
[380, 385, 389]
[381, 382]
[382, 391, 396]
[383, 392]
[384, 388, 412]
[385, 394, 415]
[386, 390, 403]
[387, 391, 392]
[388, 406, 408]
[389]
[390, 395, 404]
[391, 398, 410]
[392, 398]
[393, 1066]
[394]
[395, 422]
[396, 397, 412]
[397, 401]
[398, 418]
[399, 409]
[400, 402]
[401, 405, 413]
[402, 411]
[403]
[404, 431, 449]
[405, 416]
[406, 409, 443]
[407, 430, 2781]
[408, 420, 435]
[409, 450]
[410, 417]
[411, 414]
[412, 419]
[413, 421]
[414, 3279]
[415, 423]
[416, 429]
[417, 464]
[418, 428, 2781]
[419, 424]
[420, 440, 456]
[421, 425]
[422, 465, 2918]
[423, 427]
[424, 426, 433]
[425, 451, 452]
[426, 442]
[427, 437]
[428, 432, 439]
[429, 3102]
[430]
[431, 434, 436]
[432, 441, 446]
[433]
[434, 438]
[435, 454, 3087]
[436, 438]
[437, 444]
[438]
[439, 447]
[440]
[441, 455, 457]
[442, 445, 453]
[443]
[444, 2826]
[445, 470]
[446, 460, 463]
[447, 458]
[448, 469, 3241, 4175]
[449, 2848, 2907, 2918]
[450]
[451, 466]
[452, 461, 2924]
[453]
[454, 459]
[455, 462]
[456, 459]
[457]
[458, 460]
[459, 3075]
[460]
[461, 3330]
[462, 467, 471]
[463, 3052]
[464, 468, 3329]
[465, 2884]
[466, 3129, 3175]
[467]
[468, 3179, 3330]
[469, 590]
[470, 2923]
[471, 2792]
[472, 473, 475]
[473, 474]
[474, 476]
[475, 477]
[476, 478]
[477, 480]
[478, 479]
[479, 481, 482, 491]
[480]
[481, 488]
[482, 483, 484]
[483, 485]
[484, 489]
[485, 486]
[486, 487]
[487, 490]
[488, 494, 497]
[489, 492]
[490, 493]
[491, 535]
[492, 496, 515]
[493, 495]
[494, 501]
[495, 498]
[496, 502]
[497, 499, 512]
[498, 519]
[499, 500]
[500, 503]
[501, 506, 507, 516]
[502, 520, 523]
[503, 504]
[504, 505]
[505, 509]
[506, 537]
[507, 508, 510]
[508, 511]
[509, 513]
[510, 517]
[511, 521]
[512, 516, 528, 536]
[513, 514]
[514, 531, 545]
[515, 518]
[516]
[517, 525]
[518, 527, 539]
[519, 522, 530]
[520, 530]
[521, 524]
[522, 526]
[523, 532]
[524, 566]
[525, 529]
[526, 564]
[527]
[528, 533]
[529, 542]
[530, 538, 555]
[531, 536, 549]
[532, 540]
[533, 534, 547]
[534, 558, 559]
[535, 591]
[536, 556, 582]
[537, 543]
[538, 541, 557]
[539, 575]
[540, 560]
[541, 554, 567]
[542, 544]
[543, 546]
[544, 552]
[545, 548, 551]
[546, 553]
[547, 4120]
[548, 550, 551]
[549, 565]
[550]
[551]
[552, 4112]
[553, 577]
[554, 3947]
[555, 581]
[556, 569, 580]
[557]
[558, 561]
[559, 562]
[560, 563]
[561, 568, 571]
[562]
[563, 570, 572]
[564, 583, 5782]
[565]
[566, 589, 3990, 4332]
[567, 578]
[568, 574]
[569, 573, 576]
[570, 587, 5773]
[571, 2221, 4126]
[572, 3663]
[573, 576]
[574, 579]
[575, 4002, 5732, 5761]
[576]
[577, 588, 3988]
[578, 584]
[579]
[580, 585]
[581, 3907, 3914]
[582, 3994, 4116]
[583, 3991]
[584, 586]
[585, 4141]
[586, 3955]
[587]
[588]
[589, 4113]
[590]
[591]
[592, 593]
[593, 594, 595, 631]
[594, 596, 610]
[595, 597]
[596, 598, 599]
[597, 601, 604, 621]
[598, 600]
[599, 602, 603]
[600]
[601, 606]
[602, 605]
[603, 609]
[604, 608, 613]
[605, 607]
[606, 623]
[607, 614, 616]
[608, 612]
[609]
[610, 611, 619]
[611, 618, 663]
[612, 615]
[613]
[614, 620]
[615, 617]
[616, 626, 635]
[617, 622]
[618, 625]
[619, 643]
[620, 635, 652]
[621, 627, 630]
[622, 628]
[623, 624, 632]
[624, 640, 641]
[625, 626, 634, 639]
[626]
[627, 629, 667]
[628]
[629, 636, 637]
[630, 644]
[631, 710]
[632, 633, 638]
[633, 642]
[634, 646]
[635, 656, 662]
[636, 645]
[637, 669]
[638, 642]
[639, 648]
[640, 649, 650]
[641, 647]
[642]
[643, 655]
[644, 649, 659]
[645, 653, 698]
[646, 651]
[647]
[648, 656]
[649]
[650, 672, 673]
[651, 654]
[652, 657, 662, 668]
[653, 661, 5899]
[654, 658]
[655, 676, 681]
[656, 660]
[657, 690, 704, 705]
[658, 670]
[659, 664]
[660, 666]
[661, 674, 678]
[662, 677, 682]
[663, 687]
[664, 665]
[665]
[666, 671, 682]
[667, 701]
[668, 675, 691]
[669, 686]
[670, 680]
[671, 679]
[672, 4295, 5905]
[673, 683, 706]
[674, 703, 5915]
[675, 693]
[676, 702, 4286]
[677, 689, 705]
[678, 686, 692]
[679, 5896]
[680, 685, 688]
[681, 4284, 4289]
[682, 684]
[683, 696]
[684, 2135, 5897]
[685]
[686, 697, 700]
[687, 688]
[688]
[689, 695, 695]
[690, 1401]
[691, 1395, 1407, 5856]
[692, 694]
[693, 5852]
[694, 699]
[695]
[696, 707]
[697, 5860]
[698, 1067, 5899]
[699]
[700, 708]
[701, 1067, 1115]
[702]
[703, 1094, 1132, 5858]
[704, 1379, 1392]
[705, 2114]
[706, 5912]
[707, 5879]
[708, 709]
[709]
[710, 711]
[711, 712, 713]
[712, 714]
[713]
[714, 715, 720, 731]
[715, 716, 719]
[716, 717]
[717, 718]
[718, 721, 746]
[719, 728]
[720, 724, 726]
[721, 722, 737]
[722, 723]
[723, 725, 734]
[724, 727, 738]
[725, 730]
[726, 733]
[727, 736]
[728, 729]
[729, 732, 735]
[730, 739]
[731, 803]
[732, 753]
[733, 765]
[734, 743, 747]
[735, 741]
[736, 740, 755, 790]
[737, 743, 751, 752]
[738]
[739, 777]
[740, 742]
[741, 744]
[742, 745]
[743, 758]
[744, 749, 789]
[745, 748]
[746, 779]
[747, 759, 763]
[748, 750]
[749, 754, 756]
[750, 760]
[751, 762]
[752, 758, 770]
[753, 757]
[754, 761, 764, 772]
[755, 769, 805]
[756, 795, 820]
[757, 766, 780]
[758, 768]
[759, 771, 775]
[760, 773]
[761, 770]
[762, 764]
[763, 767, 806]
[764]
[765, 774, 788]
[766, 783, 789]
[767, 776, 797]
[768, 775, 784]
[769, 788, 804]
[770, 793, 798]
[771, 776]
[772, 778, 802]
[773, 782]
[774, 813]
[775, 785]
[776, 786]
[777, 781, 787]
[778, 791]
[779, 809]
[780]
[781, 796]
[782, 792, 2683, 2684]
[783, 794]
[784, 785, 793, 801]
[785, 807]
[786, 812]
[787, 5215]
[788, 1415]
[789, 825]
[790, 810]
[791, 798]
[792, 809]
[793]
[794, 800]
[795, 1716]
[796, 799]
[797, 812, 815]
[798, 811]
[799, 808, 814]
[800, 821]
[801, 807, 4956]
[802, 827, 4974]
[803, 831]
[804, 2636]
[805, 2639]
[806, 817]
[807, 826]
[808, 819]
[809, 5203]
[810, 2524, 2619, 2702]
[811, 4974]
[812, 822]
[813, 2631]
[814, 816, 818]
[815, 824]
[816, 823]
[817, 5156]
[818, 823]
[819, 5181]
[820, 827, 1709]
[821, 2633]
[822, 5699]
[823]
[824, 904, 5718]
[825, 1711, 1713]
[826, 4953]
[827, 1717, 4973]
[828]
[829, 830, 831]
[830, 833]
[831, 832, 836, 837]
[832, 834]
[833, 839, 841, 947]
[834, 835]
[835, 843, 869]
[836, 840, 846]
[837, 838, 845]
[838, 842]
[839, 847, 853]
[840, 844, 851]
[841, 857, 890]
[842, 852]
[843, 860]
[844, 856, 859]
[845, 866, 894]
[846, 848]
[847, 855]
[848, 849]
[849, 850]
[850]
[851, 870, 874]
[852, 862]
[853, 854]
[854, 858, 941]
[855, 865, 879]
[856, 872]
[857, 878, 892]
[858, 863, 867]
[859, 861]
[860, 893]
[861, 864]
[862, 868]
[863, 871]
[864]
[865, 876]
[866, 880, 893]
[867, 879]
[868, 886]
[869, 877, 911]
[870, 873]
[871, 882, 884]
[872, 887, 889, 903]
[873]
[874, 875]
[875, 883]
[876, 881]
[877, 919]
[878]
[879, 885]
[880, 897]
[881, 888]
[882, 900]
[883, 887]
[884, 898, 923]
[885, 923, 938]
[886, 899, 904, 926]
[887]
[888, 891]
[889, 895, 5660]
[890, 902, 917]
[891, 896]
[892]
[893, 901]
[894, 918, 920]
[895, 909, 915]
[896]
[897, 906, 912]
[898, 913]
[899, 932]
[900, 907, 937]
[901, 905, 908]
[902, 925, 935]
[903, 910]
[904]
[905, 927]
[906, 912, 936]
[907, 1556]
[908, 934]
[909, 5622]
[910, 916]
[911, 944, 5527]
[912, 914]
[913, 924]
[914, 5115]
[915, 940, 5659]
[916, 922]
[917, 4945, 4952]
[918, 928, 5201]
[919, 921, 930, 5668]
[920, 929, 931]
[921, 5682]
[922, 939]
[923]
[924, 1549, 5672]
[925, 4952, 4977]
[926, 5619]
[927, 5665]
[928, 945, 5642]
[929, 5675]
[930, 5600]
[931, 933]
[932, 946]
[933, 943]
[934, 5615]
[935, 4978, 5637, 5639]
[936, 5700]
[937]
[938, 942]
[939, 5662, 5694]
[940, 4978, 5639]
[941, 4717, 5636]
[942, 5498, 5519]
[943]
[944, 5640, 5688]
[945, 5556]
[946, 5707, 5717]
[947, 948]
[948, 949]
[949, 950, 951, 953]
[950, 952]
[951, 959, 977]
[952, 956, 957]
[953, 954, 963, 1065]
[954, 955]
[955, 958, 970]
[956, 960]
[957, 967, 969]
[958, 962, 968]
[959, 961, 965]
[960, 966]
[961, 962]
[962]
[963, 964]
[964, 967, 978]
[965, 976, 985]
[966, 973]
[967, 971]
[968]
[969, 975]
[970]
[971, 972, 993]
[972, 986]
[973, 974, 988, 997]
[974, 1006]
[975, 979]
[976, 980]
[977, 982, 995, 1003]
[978, 984, 993]
[979, 981, 990]
[980, 983]
[981, 987, 990]
[982, 1044]
[983, 989]
[984, 1051]
[985, 1008, 1009]
[986, 991, 1019]
[987, 996]
[988, 998, 1018]
[989, 994]
[990, 992, 1012]
[991, 996]
[992, 1002]
[993, 1010]
[994, 1021]
[995, 999, 1000]
[996, 1005]
[997, 1007]
[998, 1001, 1002]
[999, 1040]
[1000, 1004]
[1001, 1015, 1033]
[1002]
[1003, 1009, 1034]
[1004, 1037]
[1005, 1014, 1023]
[1006, 1013, 1018]
[1007, 1011]
[1008, 1032]
[1009, 1020]
[1010, 1017]
[1011, 1016, 1029]
[1012]
[1013, 1022, 1038]
[1014, 1024]
[1015, 1025]
[1016, 1026]
[1017]
[1018, 1033]
[1019]
[1020, 1028, 1054]
[1021]
[1022, 1027]
[1023, 1042]
[1024, 1025, 3310]
[1025, 1045]
[1026, 1030]
[1027, 1036, 1046, 1052]
[1028, 1053]
[1029, 1031]
[1030, 1043]
[1031, 1035]
[1032, 1056]
[1033, 1046]
[1034]
[1035, 1039]
[1036, 1050]
[1037, 1063]
[1038, 1048]
[1039, 1041]
[1040, 1047]
[1041, 1043]
[1042]
[1043]
[1044, 1876]
[1045, 1064, 3312]
[1046, 1049]
[1047]
[1048, 1061]
[1049, 1055]
[1050, 2457, 2964, 3449]
[1051, 1060, 3332]
[1052, 1061, 3313]
[1053, 4675]
[1054, 4676, 4681]
[1055, 1057, 1059]
[1056]
[1057, 1058, 1062]
[1058, 3449]
[1059, 3450]
[1060, 3186, 3309]
[1061, 2468]
[1062, 2976]
[1063, 4712]
[1064, 3324, 3451]
[1065, 1066]
[1066]
[1067, 1068, 1070]
[1068, 1069, 1075]
[1069, 1072, 1073]
[1070, 1071]
[1071, 1073, 1074]
[1072, 1078]
[1073, 1077]
[1074, 1076, 1080]
[1075, 1078, 1079]
[1076, 1081, 1089]
[1077, 1082, 1084]
[1078, 1095]
[1079, 1085, 1100, 1115]
[1080, 1086, 1092]
[1081, 1087, 1096]
[1082, 1083]
[1083, 1088]
[1084, 1090, 1095]
[1085, 1097]
[1086, 1091]
[1087, 1094]
[1088, 1090]
[1089]
[1090]
[1091, 1093]
[1092, 1099, 1103]
[1093]
[1094, 1098]
[1095, 1103]
[1096, 1101, 1105]
[1097, 1108]
[1098, 1106, 1109]
[1099, 1104]
[1100, 1102, 1111]
[1101]
[1102, 1113, 1126]
[1103, 1107, 1125]
[1104, 1112]
[1105, 1110]
[1106]
[1107, 1140]
[1108, 1116]
[1109, 1114, 1132]
[1110]
[1111, 1118, 1131]
[1112, 1128, 1151]
[1113, 1119, 1121]
[1114, 1123, 1129]
[1115, 1143]
[1116, 1117]
[1117, 1124, 1133]
[1118, 1120, 1127]
[1119, 1122]
[1120, 1143, 1146]
[1121, 1138]
[1122, 1130]
[1123]
[1124, 5993]
[1125, 1152, 1167]
[1126, 1148, 1155]
[1127, 1136]
[1128, 1134, 1144]
[1129, 1147, 1158]
[1130, 1149, 1160]
[1131, 1135]
[1132, 1170]
[1133, 1139]
[1134, 1152]
[1135, 1137]
[1136]
[1137]
[1138, 1142]
[1139, 1141]
[1140]
[1141, 1145, 1149]
[1142, 1155, 1160]
[1143, 1161]
[1144, 1172, 1182]
[1145, 1154, 1157]
[1146]
[1147, 1150]
[1148, 1153, 1174]
[1149, 1157]
[1150, 1172, 1442]
[1151, 1172]
[1152, 1156]
[1153, 1159]
[1154, 1163, 1164]
[1155, 6081]
[1156, 1166, 1173]
[1157, 1164]
[1158, 1170, 1178]
[1159, 1162]
[1160]
[1161]
[1162, 1168]
[1163, 1169, 1171]
[1164, 1165]
[1165, 1171]
[1166, 1175]
[1167]
[1168, 5909]
[1169, 1176, 1177]
[1170, 1430, 1521]
[1171, 1177]
[1172]
[1173, 1179]
[1174, 4327, 5867]
[1175, 1180, 5885]
[1176, 1181, 1183]
[1177, 1181]
[1178]
[1179, 1184, 5901]
[1180, 5883]
[1181, 5877]
[1182, 1449, 1533]
[1183, 5874, 5878]
[1184, 5865]
[1185, 1186, 1187, 1188, 1197]
[1186, 1190, 1203]
[1187, 1191]
[1188, 1189, 1200]
[1189, 1192, 1194]
[1190, 1193]
[1191, 1204, 1209, 1216]
[1192, 1207]
[1193, 1195, 1201]
[1194, 1199]
[1195, 1196]
[1196, 1198, 1202]
[1197, 1203, 1209, 1217]
[1198, 1206]
[1199, 1205]
[1200, 1205, 1216]
[1201, 1215, 1218]
[1202, 1208]
[1203, 1218]
[1204, 1222, 1224]
[1205, 1212]
[1206, 1211, 1215]
[1207, 1213]
[1208, 1210]
[1209, 1222]
[1210, 1214]
[1211]
[1212, 1213]
[1213, 1220]
[1214, 1221]
[1215, 1219]
[1216, 1229, 1262]
[1217, 1230, 1245, 1249]
[1218, 1232]
[1219, 1240]
[1220, 1223, 1285]
[1221, 1225]
[1222, 1245, 1291]
[1223, 1226]
[1224, 1227, 1234]
[1225, 1228, 1239]
[1226, 1233]
[1227, 1231]
[1228, 1233, 1241]
[1229, 1234, 1236]
[1230, 1235, 1242]
[1231, 1251]
[1232, 1237, 1238]
[1233]
[1234, 1264]
[1235, 1252, 1301]
[1236, 1296]
[1237, 1244, 1249]
[1238, 1240]
[1239, 1246, 1247]
[1240, 1254]
[1241, 1248]
[1242, 1243]
[1243, 1250]
[1244]
[1245, 1267]
[1246, 1253]
[1247, 1256]
[1248, 1268]
[1249, 1255]
[1250, 1255]
[1251, 1269]
[1252, 1259, 1282]
[1253, 1257, 1260]
[1254, 1261]
[1255]
[1256, 1258, 1260, 1263]
[1257, 1265, 1271]
[1258, 1275]
[1259, 1273]
[1260]
[1261, 1266]
[1262, 1276, 1290]
[1263, 1270]
[1264, 1286]
[1265, 1274]
[1266, 1272, 1275]
[1267, 1280, 1297, 1314]
[1268, 1277]
[1269, 1299]
[1270, 1279, 1284, 1287]
[1271, 4963]
[1272, 1288, 1294, 1601]
[1273, 1283]
[1274, 1284, 1293, 1298]
[1275, 1278]
[1276, 1285]
[1277, 1281, 4969]
[1278, 1287]
[1279, 1298]
[1280, 1300]
[1281, 2108, 5893]
[1282, 1300]
[1283, 1289]
[1284]
[1285, 1292]
[1286, 1399, 1401]
[1287, 1557]
[1288, 1295]
[1289, 1302, 5884]
[1290, 1296, 2078, 5889]
[1291, 1370, 1381]
[1292, 2073, 5893]
[1293, 4963]
[1294, 1557, 1605]
[1295, 1688]
[1296, 5886]
[1297, 1305, 5884]
[1298, 1558]
[1299, 1383]
[1300]
[1301, 1348, 1700]
[1302, 1316]
[1303, 1304, 1305, 1307, 1309]
[1304, 1310]
[1305, 1306]
[1306, 1308]
[1307, 1309, 1311, 1312]
[1308, 1311]
[1309, 1315]
[1310, 1314]
[1311, 1316]
[1312, 1313, 1317, 1319]
[1313, 1318]
[1314]
[1315, 1321, 1322]
[1316]
[1317, 1324]
[1318, 1320]
[1319, 1323]
[1320, 1325]
[1321, 1327]
[1322, 1326, 1331]
[1323, 1328]
[1324, 1329, 1330]
[1325, 1334]
[1326, 1332, 1349]
[1327, 1333]
[1328, 1344, 1348]
[1329, 1330, 1335]
[1330, 1336, 1337]
[1331, 1338]
[1332, 1342]
[1333, 1340, 1354]
[1334, 1341]
[1335, 1347]
[1336, 1339, 1350]
[1337]
[1338, 1345]
[1339, 1343, 1350]
[1340, 1345]
[1341, 1346]
[1342, 1360]
[1343, 1356]
[1344, 1355, 1365]
[1345]
[1346, 1359]
[1347, 1355]
[1348]
[1349, 1351, 1368]
[1350, 1352]
[1351, 1353, 1379]
[1352]
[1353, 1357, 1364]
[1354, 1358, 1366, 1370]
[1355, 1363, 1376]
[1356, 1362]
[1357, 1361]
[1358, 1371]
[1359, 1380]
[1360, 1364]
[1361, 1389]
[1362, 1369]
[1363, 1367]
[1364, 1382]
[1365]
[1366, 1375, 1381, 1401]
[1367, 1373]
[1368, 1371, 1374]
[1369, 1372]
[1370]
[1371]
[1372, 1378, 1387]
[1373]
[1374, 1392]
[1375, 1377]
[1376]
[1377, 1386]
[1378, 1390]
[1379, 1395]
[1380, 1385]
[1381, 1383]
[1382, 1384]
[1383, 1399]
[1384, 1388, 1396]
[1385, 1388]
[1386, 1392]
[1387, 1393]
[1388, 1402]
[1389, 1391]
[1390]
[1391, 1394]
[1392, 1406]
[1393, 1398, 1400, 1403]
[1394, 1397, 1407, 1409]
[1395]
[1396]
[1397, 1413]
[1398, 1404]
[1399]
[1400, 1405]
[1401]
[1402, 1408]
[1403, 1405, 1415]
[1404, 1417]
[1405, 1500]
[1406, 1411]
[1407, 1416]
[1408, 1410, 1412]
[1409, 1414]
[1410, 1420]
[1411]
[1412, 5891]
[1413]
[1414, 1418]
[1415, 1419, 5892]
[1416, 5851]
[1417, 1491]
[1418, 5891]
[1419, 2696]
[1420, 1487]
[1421, 1422, 1423, 1425, 1426]
[1422, 1424]
[1423, 1424]
[1424, 1427]
[1425]
[1426, 1428]
[1427]
[1428, 1429, 1430]
[1429, 1431, 1432]
[1430, 1433]
[1431, 1436, 1443]
[1432, 1437, 1446]
[1433, 1434]
[1434, 1435]
[1435]
[1436, 1441, 1448]
[1437, 1438, 1442]
[1438, 1439, 1440]
[1439]
[1440]
[1441, 1444]
[1442, 1449, 1459]
[1443, 1446, 1448]
[1444, 1445, 1460]
[1445, 1447]
[1446, 1450]
[1447, 1454, 1458]
[1448, 1451]
[1449, 1452]
[1450, 1459]
[1451, 1455, 1457]
[1452, 1453]
[1453, 1456]
[1454]
[1455, 1460]
[1456]
[1457, 1464]
[1458, 1461, 1468, 1491]
[1459, 1465]
[1460, 1462]
[1461, 1471]
[1462, 1463, 1490]
[1463, 1466]
[1464, 1477]
[1465, 1467, 1507]
[1466, 1469]
[1467, 1476]
[1468, 1470, 1479]
[1469, 1472]
[1470, 1473, 1478]
[1471, 1475, 1480]
[1472, 1474]
[1473, 1482]
[1474]
[1475]
[1476, 1486]
[1477]
[1478, 1481]
[1479, 1483]
[1480, 1487, 1489]
[1481]
[1482, 1484]
[1483]
[1484, 1485]
[1485, 1488]
[1486, 1492]
[1487, 1493]
[1488]
[1489, 1506]
[1490, 1494, 1496]
[1491]
[1492, 1498, 1505, 1512]
[1493, 1509]
[1494, 1495]
[1495]
[1496, 1497, 1500, 1510]
[1497, 1499]
[1498, 1501, 1502, 1503]
[1499, 1520]
[1500]
[1501, 1504]
[1502, 1508]
[1503, 1511]
[1504, 1518]
[1505]
[1506, 1521, 1528, 1529]
[1507, 1517, 1526]
[1508, 1515]
[1509, 1514]
[1510, 2694]
[1511, 1513, 1538]
[1512, 1519]
[1513, 1525]
[1514, 1516]
[1515, 1532]
[1516, 1534]
[1517, 1523]
[1518, 1524]
[1519]
[1520, 1522]
[1521, 5861]
[1522, 1530, 2704]
[1523, 1527, 2660]
[1524, 1533]
[1525, 1536, 5894, 5895]
[1526, 2651, 2661, 2665]
[1527, 2653]
[1528]
[1529, 1531]
[1530, 1535, 1537]
[1531]
[1532]
[1533, 5913]
[1534, 5860, 5908]
[1535, 2697]
[1536, 5883, 5900]
[1537, 2699]
[1538]
[1539, 1540, 1542, 1544, 1545]
[1540, 1541]
[1541, 1547]
[1542, 1543, 1551]
[1543]
[1544, 1546]
[1545, 1548]
[1546, 1549]
[1547]
[1548]
[1549, 1550]
[1550, 1552]
[1551, 1554]
[1552, 1553]
[1553, 1555]
[1554]
[1555, 1556]
[1556]
[1557, 1558, 1562]
[1558, 1559, 1563]
[1559, 1560, 1561]
[1560, 1564]
[1561, 1570]
[1562, 1565]
[1563, 1568]
[1564, 1567]
[1565, 1566, 1569]
[1566, 1574, 1591]
[1567, 1571]
[1568, 1575]
[1569, 1571, 1572, 1589]
[1570, 1576, 1579, 1582]
[1571, 1577, 1579, 1587]
[1572, 1573, 1586]
[1573, 1577, 1578]
[1574]
[1575, 1585]
[1576, 1583]
[1577, 1588]
[1578, 1580, 1595]
[1579]
[1580, 1581, 1588]
[1581, 1584]
[1582, 1594, 1599, 1610, 1612]
[1583, 1590]
[1584, 1592, 1597]
[1585, 1590]
[1586, 1593, 1596]
[1587, 1588, 1599, 1617]
[1588, 1655]
[1589, 1596, 1614]
[1590, 1594, 1628]
[1591, 1601, 1603, 1605]
[1592, 1598]
[1593, 1595, 1600]
[1594]
[1595]
[1596, 1600, 1602]
[1597, 1606, 1607]
[1598, 1608]
[1599]
[1600, 1607, 1609]
[1601, 1604, 1631]
[1602, 1609, 1616]
[1603, 1615]
[1604, 1611]
[1605]
[1606, 1613]
[1607, 1619, 1624]
[1608, 1620]
[1609, 1622]
[1610, 1612, 1642]
[1611, 1618]
[1612, 1629, 1638]
[1613, 1621]
[1614, 1627]
[1615, 1631]
[1616, 1622, 1625]
[1617, 1640]
[1618, 1643]
[1619, 1632, 1646]
[1620, 1623, 1634]
[1621, 1626, 1630]
[1622, 1632]
[1623, 1651, 1655]
[1624, 1630]
[1625, 1627]
[1626, 1634, 1635, 1637]
[1627, 1636]
[1628, 1629]
[1629, 1633, 1649]
[1630, 1639]
[1631, 1650, 1706]
[1632, 1660]
[1633, 4883]
[1634]
[1635, 1641, 1661]
[1636, 1647, 1648]
[1637, 1644]
[1638, 1658, 1663, 4893]
[1639, 1646]
[1640, 1653]
[1641, 1645]
[1642, 1657]
[1643, 1676, 1689]
[1644, 1662, 1669]
[1645, 1652, 1667]
[1646, 1656]
[1647, 1660]
[1648, 1666, 1670]
[1649, 1674]
[1650, 1689]
[1651, 1654, 1672]
[1652, 1772]
[1653, 1657]
[1654, 1665]
[1655, 1659]
[1656, 1671]
[1657, 2495, 2500, 4898]
[1658, 4898]
[1659, 1664]
[1660, 1668]
[1661, 1672]
[1662, 4942]
[1663, 4888, 4979]
[1664, 2496, 4960]
[1665, 2475, 2487]
[1666, 1673, 4975]
[1667, 1751]
[1668, 4959, 4975]
[1669, 1743, 4943]
[1670, 1706, 1707]
[1671, 4944, 4959]
[1672, 1791]
[1673, 1768]
[1674, 4886, 4888]
[1675, 1676, 1677, 1678, 1679]
[1676, 1680]
[1677, 1683, 1685, 1691]
[1678, 1681, 1682, 1684]
[1679, 1683, 1686, 1690]
[1680, 1688]
[1681, 1694]
[1682, 1685]
[1683, 1692, 1698]
[1684, 1687, 1689]
[1685, 1695, 1699]
[1686, 1692]
[1687, 1694]
[1688, 1690]
[1689, 1693]
[1690]
[1691, 1698, 1699, 1703]
[1692, 1700, 1705]
[1693, 1702]
[1694, 1696]
[1695, 1704, 1716]
[1696, 1697, 1701]
[1697, 1702]
[1698, 1705, 1708]
[1699, 1711]
[1700]
[1701, 1704]
[1702, 1706]
[1703, 1711, 1713]
[1704, 1709]
[1705, 1712, 1714]
[1706, 1707]
[1707, 1710, 1715]
[1708]
[1709, 1715]
[1710, 1717, 1718]
[1711, 1716]
[1712]
[1713, 1719]
[1714, 1719]
[1715, 1717]
[1716]
[1717, 1734]
[1718, 1724, 1725]
[1719, 1720]
[1720, 1721]
[1721, 1722]
[1722, 1723]
[1723]
[1724, 1726, 1727]
[1725, 1726, 1728]
[1726, 1731]
[1727, 1729, 1730]
[1728, 1733, 1736]
[1729, 1734, 1735]
[1730, 1731, 1738]
[1731, 1732]
[1732, 1733, 1739, 1754]
[1733, 1756]
[1734, 1741, 1742]
[1735, 1737, 1740]
[1736, 1743, 1744, 1762]
[1737, 1741, 1753]
[1738, 1739, 1740]
[1739, 1758]
[1740, 1767]
[1741, 1745, 1749]
[1742, 1748, 1749]
[1743]
[1744, 1746, 1747]
[1745, 1755]
[1746, 1759]
[1747, 1750, 1751]
[1748, 1765]
[1749, 1766]
[1750, 1752]
[1751, 1757]
[1752, 1760]
[1753, 1773]
[1754, 1756, 1779]
[1755, 4977]
[1756, 1770]
[1757, 1760]
[1758, 1761, 1786]
[1759, 1763, 1764, 1776]
[1760, 1772]
[1761, 1767, 1774]
[1762, 1768]
[1763, 1764, 2436]
[1764, 1769, 1777]
[1765, 1780, 1783, 1787]
[1766, 1787]
[1767, 1771]
[1768]
[1769, 1775]
[1770, 1776]
[1771, 1773]
[1772, 1784]
[1773, 1778]
[1774, 1782]
[1775, 1785]
[1776]
[1777, 1785, 2455]
[1778, 1781]
[1779, 1786]
[1780, 4973]
[1781, 1790, 4950]
[1782, 1788]
[1783, 4956]
[1784, 1789, 1791]
[1785, 1789]
[1786]
[1787, 4954]
[1788, 1792]
[1789, 2473]
[1790, 4976]
[1791, 2475]
[1792, 4951]
[1793, 1794, 1795, 1797, 1801]
[1794, 1796, 1798]
[1795, 1798]
[1796, 1800]
[1797, 1799]
[1798, 1802]
[1799, 1800, 1803]
[1800]
[1801, 1804]
[1802, 1805, 1809]
[1803, 1806, 1822]
[1804, 1807, 1810]
[1805, 1808, 1815]
[1806, 1810]
[1807, 1811, 1813]
[1808, 1816, 1840]
[1809, 1814, 1825, 1832]
[1810, 1812]
[1811, 1819]
[1812, 1813, 1826]
[1813, 1823]
[1814, 1817, 1836]
[1815]
[1816, 1818, 1833]
[1817, 1821]
[1818, 1828, 1869]
[1819, 1820, 1830]
[1820, 1827]
[1821, 1824]
[1822, 1831]
[1823, 1834, 1838]
[1824]
[1825, 1836, 1837]
[1826, 1829, 1844]
[1827, 1841, 1846]
[1828, 1839, 1842]
[1829]
[1830, 1843]
[1831, 1835, 1836]
[1832, 1833, 1858]
[1833, 1842]
[1834, 1850, 1862]
[1835, 1854, 1870]
[1836, 1886]
[1837, 1849, 1871]
[1838, 1844, 1845]
[1839, 1851, 1889]
[1840, 1847, 1856]
[1841, 1850]
[1842]
[1843, 1864]
[1844]
[1845, 1848]
[1846, 1852, 1855, 1857]
[1847, 1859, 1864]
[1848, 1853]
[1849, 1860, 1867]
[1850, 1875]
[1851, 1858]
[1852, 1861]
[1853]
[1854, 1863, 1883]
[1855, 1875]
[1856, 1869, 1884]
[1857, 1873, 1901]
[1858, 1865]
[1859]
[1860, 1866]
[1861, 1868]
[1862, 1880]
[1863, 1874, 1887]
[1864, 1872]
[1865, 1881, 1888]
[1866, 1885]
[1867, 1886, 1891, 1908]
[1868, 1878]
[1869, 1895]
[1870, 1876]
[1871, 1882]
[1872, 1893, 1897]
[1873, 1899]
[1874, 1877]
[1875, 4859]
[1876, 1886, 1896]
[1877, 1879]
[1878, 1894]
[1879, 1890]
[1880]
[1881, 1903, 1905]
[1882, 1903]
[1883, 1892]
[1884]
[1885]
[1886]
[1887, 1898, 4840]
[1888, 1900]
[1889, 3425, 4635]
[1890, 1898]
[1891, 4681, 4699]
[1892, 4853]
[1893, 1904]
[1894, 1902, 1906]
[1895, 1973, 4700]
[1896, 4833, 4840]
[1897, 1940, 1943]
[1898]
[1899, 1941]
[1900]
[1901, 1909]
[1902, 4859]
[1903, 4852]
[1904, 1945, 4631]
[1905, 1907]
[1906, 4690]
[1907, 1910]
[1908, 3438, 4697]
[1909, 1942]
[1910]
[1911, 1912, 1913, 1914, 1918]
[1912, 1920, 1928]
[1913, 1917, 1942]
[1914, 1915]
[1915, 1916, 1922]
[1916, 1919]
[1917]
[1918, 1921]
[1919, 1923]
[1920, 1929]
[1921, 1924, 1926]
[1922, 1925, 1930]
[1923, 1933]
[1924, 1927, 1940]
[1925, 1937]
[1926, 1934, 1935]
[1927, 1931, 1932]
[1928]
[1929, 1936]
[1930, 1934, 1938]
[1931]
[1932, 1941, 1949]
[1933, 1939]
[1934, 1944, 1953]
[1935, 1943]
[1936, 1948]
[1937]
[1938, 1946]
[1939]
[1940]
[1941, 1945]
[1942, 1950]
[1943, 1947]
[1944, 1947, 1952]
[1945, 1951]
[1946]
[1947]
[1948, 1956]
[1949]
[1950, 1954]
[1951]
[1952]
[1953, 1955, 1961, 1975]
[1954, 1958]
[1955, 1959]
[1956, 1957, 1967]
[1957, 1960]
[1958, 1981]
[1959, 1962]
[1960, 1964, 1977]
[1961, 1970]
[1962, 1963, 1965]
[1963, 1966]
[1964, 1971]
[1965, 1969]
[1966, 1968]
[1967, 1974]
[1968, 1983]
[1969, 1972]
[1970, 1973, 1988]
[1971, 1978, 1993]
[1972, 1976, 1979]
[1973, 1997]
[1974, 1980, 1994, 2008]
[1975, 4575]
[1976, 1985, 1991]
[1977, 1982, 1998]
[1978, 1984, 1995, 2005]
[1979, 1990]
[1980, 4614]
[1981, 2004, 2009]
[1982, 2001]
[1983, 1986]
[1984, 1987]
[1985, 1999, 2003]
[1986, 1989]
[1987, 2000, 2017]
[1988, 1996, 2007]
[1989, 1992]
[1990, 2003]
[1991, 2006, 2010]
[1992]
[1993, 2014, 2028]
[1994, 4831]
[1995, 2012, 2014]
[1996, 2002]
[1997, 4832]
[1998, 4624]
[1999, 2011, 2026]
[2000, 2012, 2015, 4658]
[2001, 4494]
[2002, 2019, 2022]
[2003, 4563]
[2004, 4859]
[2005, 2017]
[2006, 2013, 2021]
[2007, 2020, 2023, 2024]
[2008, 2018, 4589]
[2009, 2025, 4665]
[2010]
[2011, 2016]
[2012]
[2013]
[2014, 4654]
[2015, 4841, 4845]
[2016, 2027, 4563]
[2017]
[2018, 4578, 4580]
[2019, 4830]
[2020]
[2021]
[2022, 4650]
[2023, 4636, 4638]
[2024]
[2025, 4505]
[2026, 4705]
[2027, 3439, 4851]
[2028, 4477, 4657]
[2029, 2030, 2031, 2032, 2033]
[2030, 2036]
[2031, 2035]
[2032, 2038]
[2033, 2034, 2039]
[2034, 2037]
[2035, 2040, 2041]
[2036, 2042, 2046]
[2037, 2051]
[2038, 2044]
[2039, 2047, 2055]
[2040, 2043]
[2041, 2049, 2052]
[2042, 2045]
[2043, 2055, 2062]
[2044, 2050, 2052, 2054]
[2045, 2048, 2051]
[2046, 2054]
[2047, 2057, 2099]
[2048, 2053, 2070]
[2049, 2066, 2083]
[2050, 2060]
[2051, 2064, 2085]
[2052, 2058]
[2053, 2056]
[2054, 2061]
[2055, 2065, 2073]
[2056, 2059]
[2057, 2064, 2087]
[2058, 2063]
[2059, 2067]
[2060, 2077]
[2061, 2090]
[2062, 2073, 2076]
[2063, 2074]
[2064, 2069]
[2065, 2068, 2071]
[2066, 2080, 2081]
[2067, 2075]
[2068, 2078]
[2069, 2072]
[2070, 2084]
[2071, 2082]
[2072, 2089]
[2073]
[2074, 2083, 2088]
[2075, 2079, 2092, 2094]
[2076, 2104]
[2077, 2112]
[2078, 2095]
[2079, 3742]
[2080, 2086, 2100]
[2081, 2091, 2100]
[2082, 2095]
[2083, 2093, 2127]
[2084, 2103]
[2085, 2096]
[2086, 2098]
[2087, 2097]
[2088, 2129]
[2089, 2097]
[2090, 2120]
[2091, 2119, 2134]
[2092, 2103, 2105]
[2093, 2106]
[2094, 2096, 2117]
[2095, 2102]
[2096]
[2097, 2116]
[2098]
[2099, 2101, 2107]
[2100, 2108, 2139]
[2101, 2114, 2116]
[2102, 2107]
[2103, 2110]
[2104, 2108]
[2105, 2109, 2111]
[2106, 2118, 2119]
[2107]
[2108]
[2109, 2115]
[2110, 2113, 2123]
[2111, 2115]
[2112, 2121]
[2113, 2120]
[2114, 5888]
[2115]
[2116, 2122]
[2117, 2125, 2131]
[2118, 2133]
[2119, 5831]
[2120, 2126]
[2121, 2126, 2128]
[2122, 2124]
[2123]
[2124, 2135]
[2125, 2130]
[2126, 2140]
[2127, 2132]
[2128, 2137]
[2129, 2137]
[2130, 2142]
[2131, 2141, 2143]
[2132, 2136, 2144]
[2133, 2138]
[2134, 5825, 5830]
[2135]
[2136, 4339]
[2137, 2144]
[2138, 4341, 5831]
[2139, 4965, 5824]
[2140, 2146, 3730]
[2141, 4345]
[2142, 2145]
[2143, 3716, 3748]
[2144]
[2145]
[2146, 3735, 3770]
[2147, 2148, 2149, 2151, 2155]
[2148, 2149, 2150]
[2149, 2157]
[2150, 2152]
[2151, 2153]
[2152, 2154, 2158]
[2153, 2156]
[2154, 2159]
[2155, 2160]
[2156, 2167, 2169]
[2157, 2161, 2166]
[2158, 2172, 2173]
[2159, 2162, 2179]
[2160, 2163]
[2161, 2164, 2170]
[2162, 2165, 2182]
[2163, 2180, 2181, 2190]
[2164, 2168]
[2165, 2189]
[2166, 2186, 2196]
[2167, 2171, 2178]
[2168, 2184]
[2169]
[2170, 2175, 2176]
[2171, 2174]
[2172]
[2173, 2185, 2191]
[2174, 2183]
[2175, 2177]
[2176, 2177]
[2177]
[2178, 2197, 2221]
[2179, 2192, 2194, 2208]
[2180, 2187]
[2181, 2197]
[2182, 2188, 2193]
[2183]
[2184, 2213]
[2185, 2198]
[2186, 2221]
[2187, 2195]
[2188, 2205]
[2189, 2199, 2202]
[2190, 2199, 6096]
[2191, 2234]
[2192, 2206, 2207]
[2193, 2209, 2219]
[2194]
[2195, 2201]
[2196, 2204, 2226]
[2197, 2231]
[2198, 2200]
[2199, 2233]
[2200, 2203]
[2201, 2216]
[2202, 2212, 2214]
[2203, 2211, 2217]
[2204, 2229, 2242]
[2205]
[2206]
[2207, 2215, 2220]
[2208, 2210, 6020]
[2209, 2238, 2239]
[2210]
[2211, 2218, 2224]
[2212]
[2213, 2226, 2236]
[2214]
[2215, 2228, 2254]
[2216, 2223, 4070]
[2217]
[2218, 2222]
[2219, 2227, 2230]
[2220]
[2221]
[2222, 2225]
[2223, 2244, 2252]
[2224, 2235]
[2225, 2232]
[2226, 2241, 2248]
[2227, 2233, 2255]
[2228]
[2229, 4317]
[2230]
[2231, 2240, 2245]
[2232, 2243]
[2233, 2247]
[2234, 2237, 2249, 2253]
[2235, 2246]
[2236]
[2237, 6001]
[2238, 2261, 6049]
[2239, 2250]
[2240, 2252, 4006]
[2241]
[2242, 2258, 4117]
[2243, 2256]
[2244, 2251]
[2245]
[2246, 2253]
[2247]
[2248]
[2249, 2254, 6019]
[2250, 2260, 6101]
[2251, 2263]
[2252, 4150]
[2253]
[2254, 2257]
[2255, 2262, 2264]
[2256, 2259]
[2257]
[2258, 4114, 4120]
[2259, 6077, 6079]
[2260, 6071, 6103]
[2261]
[2262, 6104]
[2263, 4055, 4144]
[2264]
[2265, 2266, 2267, 2270, 2272]
[2266, 2268]
[2267, 2273]
[2268, 2269]
[2269, 2271]
[2270, 2276]
[2271, 2274, 2284]
[2272, 2278, 2280]
[2273, 2275]
[2274, 2281, 2285]
[2275, 2277, 2286]
[2276, 2279]
[2277, 2289]
[2278, 2283, 2286]
[2279, 2282]
[2280, 2284, 2290]
[2281, 2287]
[2282, 2309]
[2283, 2290]
[2284]
[2285, 2288]
[2286]
[2287, 2295]
[2288, 2292]
[2289, 2291]
[2290, 2294]
[2291, 2296]
[2292, 2293]
[2293, 2297, 2298]
[2294, 2306]
[2295, 2301]
[2296, 2302, 2313]
[2297, 2299]
[2298, 2299, 2304]
[2299, 2300]
[2300, 2307]
[2301, 2308]
[2302, 2303]
[2303, 2305]
[2304, 2310]
[2305, 2324]
[2306, 2311]
[2307, 2312, 2321]
[2308, 2323]
[2309, 2316]
[2310]
[2311, 2314]
[2312, 2317]
[2313, 2315]
[2314, 2332]
[2315, 2318, 2377]
[2316, 2319]
[2317, 2322]
[2318, 2333]
[2319, 2320]
[2320, 2335]
[2321, 2330]
[2322, 2334]
[2323, 2329]
[2324, 2325, 2326]
[2325, 2328]
[2326, 2327]
[2327, 2331]
[2328, 2336]
[2329, 3968]
[2330, 2339]
[2331, 2341]
[2332, 2340]
[2333, 2338, 2343]
[2334, 2346, 2348]
[2335, 2337, 3971]
[2336, 2356]
[2337, 2357]
[2338, 3625]
[2339, 2362]
[2340, 2342]
[2341, 2354]
[2342, 2344, 2347]
[2343, 2345, 2350]
[2344, 2349]
[2345, 2352]
[2346, 2360]
[2347, 2351, 2355]
[2348, 2365]
[2349, 2353]
[2350, 2352]
[2351, 2358, 2366]
[2352]
[2353, 2359]
[2354, 2374]
[2355, 2364]
[2356, 2369]
[2357, 2370]
[2358, 3590]
[2359, 2361]
[2360, 2372]
[2361, 2363, 2378]
[2362, 2381]
[2363, 2375]
[2364, 2368]
[2365, 3479]
[2366, 2367]
[2367, 2376]
[2368, 2371, 2373]
[2369, 2379, 3595]
[2370, 3984]
[2371, 2373]
[2372, 2380]
[2373]
[2374, 3625]
[2375, 3481]
[2376, 2379]
[2377, 3980]
[2378, 3485]
[2379, 3590]
[2380]
[2381, 2382]
[2382, 3965]
[2383, 2384, 2385, 2386, 2387]
[2384, 2389, 2395, 2400]
[2385, 2388, 2391]
[2386]
[2387]
[2388, 2396]
[2389, 2390, 2392]
[2390, 2393, 2399]
[2391, 2397, 2402]
[2392, 2394, 2409]
[2393, 2394, 2404]
[2394, 2406]
[2395, 2403, 2405]
[2396, 2398, 2402]
[2397, 2400, 2401]
[2398]
[2399, 2403]
[2400, 2410]
[2401, 2412]
[2402, 2408, 2412]
[2403, 2413]
[2404, 2413, 2415, 2416]
[2405, 2407]
[2406, 2414, 2416]
[2407, 2411, 2411]
[2408]
[2409, 2410]
[2410, 2418]
[2411]
[2412, 2417]
[2413]
[2414, 2420]
[2415, 2419]
[2416, 2421]
[2417]
[2418, 2420]
[2419, 2424, 2425]
[2420]
[2421, 2422]
[2422, 2423]
[2423, 2427]
[2424]
[2425, 2426, 2435]
[2426, 2428, 2429]
[2427, 2429]
[2428, 2431]
[2429, 2430]
[2430, 2432, 2437]
[2431, 2433]
[2432, 2434]
[2433, 2438, 2444]
[2434, 2436, 2441]
[2435, 2442, 2445]
[2436, 2439]
[2437, 2440]
[2438, 2449]
[2439, 2443]
[2440, 2452]
[2441, 2447]
[2442, 2459]
[2443, 2448, 2455]
[2444, 2460, 2476]
[2445, 2446, 2451]
[2446, 2453, 2456]
[2447, 2454]
[2448, 2450]
[2449, 2464]
[2450, 2462, 2463]
[2451, 2458]
[2452, 2480]
[2453, 2457, 2469]
[2454, 2461]
[2455]
[2456, 2465]
[2457, 2470]
[2458, 2468]
[2459, 2460]
[2460, 2490]
[2461, 2466]
[2462, 2463, 2473]
[2463, 2471]
[2464, 2467]
[2465, 2957]
[2466, 2478]
[2467, 2472, 2476]
[2468, 2470]
[2469, 2477]
[2470]
[2471, 2474, 2479]
[2472, 2482]
[2473, 2475, 2481]
[2474, 2481]
[2475]
[2476]
[2477, 2485]
[2478, 2483, 2484]
[2479, 2484, 2487, 2496]
[2480, 2483, 2486, 2495]
[2481]
[2482, 2486]
[2483, 2489]
[2484]
[2485, 2488]
[2486, 2491, 2498]
[2487, 2494]
[2488, 2492]
[2489, 2493]
[2490, 3327]
[2491, 4862, 4863]
[2492, 2499]
[2493, 2497]
[2494, 4960]
[2495, 2497, 4860]
[2496, 2500]
[2497, 2500]
[2498, 2962]
[2499, 2947, 2948]
[2500]
[2501, 2502, 2503, 2505]
[2502, 2504]
[2503, 2507]
[2504, 2509, 2511]
[2505, 2506]
[2506, 2508]
[2507, 2510, 2515]
[2508]
[2509, 2513]
[2510, 2514, 2516]
[2511, 2512, 2513]
[2512, 2522]
[2513, 2526]
[2514, 2518, 2521]
[2515, 2518, 2524]
[2516, 2517]
[2517, 2519, 2520]
[2518]
[2519, 2523, 2531]
[2520]
[2521, 2523, 2532]
[2522, 2525, 2527]
[2523]
[2524]
[2525, 2528]
[2526, 2532, 2533]
[2527, 2530]
[2528, 2529]
[2529, 2530]
[2530]
[2531]
[2532]
[2533, 2534]
[2534, 2535, 2536]
[2535, 2537]
[2536, 2540]
[2537, 2538]
[2538, 2539]
[2539, 2541, 2542]
[2540, 2543, 2548]
[2541, 2544]
[2542, 2547]
[2543, 2545]
[2544, 2546]
[2545, 2556]
[2546, 2549]
[2547, 2551, 2552]
[2548, 2550, 2557]
[2549]
[2550, 2553, 2559]
[2551, 2558]
[2552, 2555]
[2553, 2554, 2560]
[2554, 2562, 2574]
[2555, 2565]
[2556, 2561, 2571]
[2557, 2563, 2566]
[2558, 2564]
[2559, 2567]
[2560, 2572]
[2561, 2569, 2575]
[2562, 2570, 2577]
[2563, 2569]
[2564, 2573]
[2565]
[2566, 2568, 2572]
[2567]
[2568, 2576]
[2569, 2579]
[2570, 2582]
[2571, 2604]
[2572]
[2573, 2584]
[2574, 2578, 2581]
[2575, 2585]
[2576, 2590]
[2577, 2581]
[2578, 2583, 2587]
[2579, 2580, 2590]
[2580, 2586]
[2581]
[2582]
[2583, 2588]
[2584, 2591]
[2585, 2593]
[2586, 2589, 2592]
[2587, 2598]
[2588, 2595, 2600]
[2589, 2602]
[2590, 2596]
[2591, 2597]
[2592, 2594]
[2593]
[2594]
[2595, 2599, 2605]
[2596, 2608, 2618]
[2597, 2606]
[2598, 2607, 2610]
[2599, 2601]
[2600, 2614]
[2601, 2603]
[2602, 2609, 5462]
[2603]
[2604, 2622, 5457, 5465]
[2605, 2615]
[2606, 2612]
[2607, 5954]
[2608, 2611, 2616]
[2609, 2613]
[2610, 5923]
[2611, 5952, 5990]
[2612, 2617]
[2613, 5457]
[2614]
[2615, 5316, 5946, 5991]
[2616, 5948]
[2617, 2682]
[2618, 5462]
[2619, 2620]
[2620, 2621]
[2621, 2622]
[2622]
[2623, 2624]
[2624, 2625, 2626]
[2625]
[2626, 2627]
[2627, 2628, 2629]
[2628, 2630, 2631]
[2629]
[2630]
[2631, 2632]
[2632, 2633, 2634]
[2633]
[2634, 2635]
[2635]
[2636, 2637, 2638]
[2637]
[2638, 2639]
[2639, 2640]
[2640]
[2641, 2642]
[2642, 2643, 2644]
[2643, 2645]
[2644, 2646, 2647]
[2645, 2648]
[2646, 2649]
[2647, 2649]
[2648]
[2649]
[2650, 2651]
[2651, 2652]
[2652]
[2653, 2654]
[2654, 2655]
[2655, 2656]
[2656, 2657]
[2657, 2658]
[2658, 2659]
[2659, 2660]
[2660]
[2661, 2662, 2663]
[2662, 2663]
[2663, 2664]
[2664]
[2665]
[2666, 2667]
[2667, 2668]
[2668, 2669, 2670]
[2669]
[2670, 2671, 2672]
[2671]
[2672, 2673]
[2673, 2674]
[2674, 2675]
[2675, 2676]
[2676, 2677]
[2677, 2678]
[2678, 2679]
[2679, 2680]
[2680, 2681]
[2681, 2682]
[2682]
[2683]
[2684]
[2685, 2686]
[2686, 2687, 2689]
[2687, 2688]
[2688, 2690]
[2689, 2694]
[2690, 2691]
[2691, 2692, 2693]
[2692, 2693]
[2693]
[2694]
[2695, 2696, 2697, 2698]
[2696]
[2697]
[2698, 2699]
[2699]
[2700, 2701]
[2701, 2702]
[2702, 2703]
[2703, 2704]
[2704, 2705]
[2705]
[2706, 2707, 2708]
[2707, 2716]
[2708, 2709]
[2709, 2710]
[2710, 2711]
[2711, 2712]
[2712, 2713, 2715]
[2713, 2714]
[2714, 2717]
[2715, 2718, 2719]
[2716, 2724]
[2717, 2723, 2727]
[2718, 2720, 2721]
[2719]
[2720, 2722]
[2721, 2726, 2730]
[2722, 2728]
[2723, 2725]
[2724, 2729]
[2725, 2728]
[2726, 2731]
[2727, 2738, 2742]
[2728]
[2729, 2735]
[2730, 2737, 2765]
[2731, 2732]
[2732, 2733]
[2733, 2734]
[2734]
[2735, 2736]
[2736, 2739, 2745]
[2737, 2740]
[2738, 2741, 2747]
[2739, 2743]
[2740, 2750]
[2741, 2744]
[2742, 2754, 2756]
[2743, 2749]
[2744, 2746]
[2745, 2748, 2767]
[2746, 2755]
[2747, 2751, 2761]
[2748, 2753]
[2749, 2760, 2762]
[2750, 2752]
[2751, 2770]
[2752, 2757]
[2753, 2758, 2759]
[2754]
[2755, 2764]
[2756, 2769, 2771]
[2757, 2770]
[2758, 2760, 2766]
[2759]
[2760]
[2761, 2763, 2780]
[2762, 2768, 2776]
[2763, 2772, 2773]
[2764, 2782]
[2765, 2796, 2822, 2855]
[2766]
[2767, 2777, 2778]
[2768, 2775]
[2769]
[2770, 2774]
[2771, 2790, 2798]
[2772, 2779, 2784]
[2773]
[2774, 2793, 2797]
[2775, 2794, 2812]
[2776]
[2777, 2786, 2792]
[2778, 2781, 2809]
[2779, 2787, 2800, 2803]
[2780, 2785, 2791]
[2781]
[2782, 2783]
[2783, 2788, 2789]
[2784]
[2785, 2799]
[2786]
[2787, 2795]
[2788, 2789]
[2789]
[2790]
[2791]
[2792, 2801]
[2793, 2814, 2823]
[2794, 2802, 2806, 2810]
[2795, 2808, 2820, 4356]
[2796, 2838]
[2797, 2816]
[2798, 2807]
[2799]
[2800, 2804, 2805]
[2801]
[2802, 2813]
[2803]
[2804, 2805]
[2805]
[2806, 2818]
[2807, 2815, 2894]
[2808, 2811, 4350, 4352]
[2809]
[2810, 3045, 3056]
[2811, 2882]
[2812, 3066, 3148]
[2813, 3063, 3065]
[2814, 2819]
[2815, 4363]
[2816, 2817]
[2817, 2878, 4347]
[2818, 3053, 3058]
[2819, 2821]
[2820]
[2821]
[2822, 4353]
[2823]
[2824, 2825, 2826, 2827]
[2825]
[2826, 2828]
[2827, 2833]
[2828, 2829]
[2829, 2830]
[2830, 2831]
[2831, 2832]
[2832]
[2833, 2834]
[2834, 2835]
[2835, 2836]
[2836, 2837]
[2837]
[2838, 2839, 2845]
[2839, 2840, 2841]
[2840, 2843]
[2841, 2842]
[2842, 2844]
[2843, 2848]
[2844, 2846]
[2845, 2847, 2850]
[2846, 2851]
[2847, 2849]
[2848]
[2849]
[2850, 2852, 2855]
[2851, 2858]
[2852, 2853, 2857]
[2853, 2854]
[2854, 2856]
[2855]
[2856, 2861]
[2857, 2859, 2860]
[2858, 2881, 2886]
[2859]
[2860, 2862, 2877]
[2861, 2865]
[2862, 2863]
[2863, 2864, 2866]
[2864, 2869, 2872, 2873]
[2865, 2893]
[2866, 2867]
[2867, 2868]
[2868]
[2869, 2870]
[2870, 2871, 2879]
[2871, 2878, 2880]
[2872, 2874, 2875]
[2873]
[2874, 2876]
[2875, 2876]
[2876]
[2877, 2882, 2894]
[2878, 2883]
[2879]
[2880]
[2881, 2884, 2895]
[2882, 2885, 2889]
[2883]
[2884, 2896]
[2885, 2887, 2888]
[2886, 2893]
[2887, 2888]
[2888]
[2889, 2890, 2891]
[2890, 2892]
[2891, 2892]
[2892]
[2893]
[2894]
[2895]
[2896]
[2897, 2898]
[2898, 2899]
[2899, 2900, 2901]
[2900, 2902]
[2901, 2903]
[2902, 2904]
[2903, 2905]
[2904, 2906]
[2905]
[2906, 2907, 2908]
[2907]
[2908, 2909]
[2909, 2910]
[2910, 2911]
[2911, 2912]
[2912]
[2913, 2914, 2915, 2917]
[2914, 2916]
[2915, 2916]
[2916]
[2917, 2918, 2919]
[2918]
[2919, 2920, 2922]
[2920, 2921]
[2921]
[2922]
[2923]
[2924]
[2925, 2926, 2927]
[2926, 2928, 2929, 2930]
[2927, 2931]
[2928, 2942]
[2929, 2934]
[2930, 2933]
[2931, 2932, 2939]
[2932, 2935, 2936]
[2933, 2938]
[2934, 2937]
[2935, 2940]
[2936, 2941]
[2937, 2943]
[2938, 2945, 2946]
[2939, 2949]
[2940, 2950, 2961]
[2941, 2952]
[2942, 2944, 2955]
[2943, 2949, 2965]
[2944, 2947]
[2945, 2948, 2954]
[2946, 2953, 2971]
[2947, 2948]
[2948]
[2949, 2951]
[2950, 2956, 2957]
[2951, 2960]
[2952, 2958]
[2953, 2959, 2966, 2974]
[2954, 2964]
[2955, 2961]
[2956]
[2957]
[2958, 2962]
[2959, 2963]
[2960, 2967]
[2961]
[2962]
[2963, 2968]
[2964, 2972]
[2965, 2981, 2989]
[2966, 2969, 2970]
[2967, 2977, 2991]
[2968]
[2969, 2975]
[2970, 2978, 2995]
[2971, 2973, 2974]
[2972, 2980]
[2973, 2976]
[2974, 2979]
[2975, 2982]
[2976]
[2977]
[2978, 2985, 2997]
[2979, 2983]
[2980]
[2981, 2984, 2986]
[2982, 2983, 2996]
[2983, 2987, 2998]
[2984, 2990, 3006]
[2985, 2988, 3028]
[2986, 2993, 3010]
[2987, 2992]
[2988, 2990, 3002]
[2989, 3001, 3005]
[2990, 3027]
[2991, 2994]
[2992]
[2993, 2999]
[2994, 3003, 3014]
[2995, 3021]
[2996, 3000]
[2997]
[2998, 3020]
[2999, 3007]
[3000, 3013]
[3001, 3023, 3026]
[3002, 3004]
[3003, 3008, 3009]
[3004]
[3005, 3010, 3023]
[3006, 3011]
[3007, 3036]
[3008, 3009]
[3009, 3012]
[3010, 3016, 3017]
[3011, 3015]
[3012]
[3013, 3022]
[3014, 3018]
[3015, 3019]
[3016, 3029, 3031]
[3017, 3034]
[3018]
[3019, 3024]
[3020, 3030]
[3021, 3032, 3038]
[3022, 3032]
[3023, 3025]
[3024, 3027]
[3025, 3031]
[3026, 3037]
[3027]
[3028, 3033]
[3029, 3035]
[3030, 3032]
[3031]
[3032]
[3033, 3036]
[3034, 3039, 3041]
[3035, 3040, 3105]
[3036, 3042]
[3037, 3194]
[3038, 3152, 3321]
[3039, 3113]
[3040, 3317]
[3041, 3125, 3132]
[3042, 3322]
[3043, 3044]
[3044, 3045, 3046]
[3045]
[3046, 3047, 3048]
[3047, 3049]
[3048]
[3049, 3050, 3052]
[3050, 3051]
[3051]
[3052, 3053]
[3053, 3054]
[3054, 3055]
[3055]
[3056]
[3057, 3058]
[3058, 3059]
[3059, 3060, 3061]
[3060]
[3061, 3062, 3063]
[3062]
[3063, 3064]
[3064]
[3065]
[3066]
[3067, 3068]
[3068, 3069, 3070]
[3069, 3072, 3075]
[3070, 3071]
[3071, 3073, 3074]
[3072, 3076, 3079]
[3073, 3077]
[3074]
[3075, 3080]
[3076, 3087]
[3077, 3078, 3081]
[3078, 3082, 3094]
[3079, 3085, 3091]
[3080, 3083, 3098]
[3081, 3089, 3090]
[3082, 3084]
[3083, 3092]
[3084, 3086, 3101]
[3085, 3088, 3103]
[3086, 3099]
[3087]
[3088, 3095, 3097]
[3089, 3096, 3104]
[3090, 3093, 3104]
[3091, 3110]
[3092, 3100]
[3093, 3106]
[3094, 3100, 3112]
[3095, 3105]
[3096, 3114]
[3097, 3108, 3118]
[3098, 3107]
[3099]
[3100, 3102]
[3101, 3111]
[3102, 3129]
[3103]
[3104]
[3105]
[3106, 3109]
[3107]
[3108, 3117]
[3109, 3113]
[3110, 3119, 3124]
[3111, 3115, 3116]
[3112]
[3113]
[3114, 3120]
[3115, 3129]
[3116, 3122, 3123]
[3117, 3132]
[3118, 3121]
[3119, 3128]
[3120, 3122, 3126]
[3121, 3125]
[3122, 3127]
[3123, 3131]
[3124, 3140]
[3125]
[3126, 3130, 3147]
[3127, 3141]
[3128, 3136]
[3129]
[3130, 3133, 3134]
[3131, 3135, 3142]
[3132]
[3133, 3146]
[3134, 3138]
[3135, 3137]
[3136]
[3137, 3139, 3144]
[3138, 3150, 3155]
[3139, 3145]
[3140, 3143]
[3141]
[3142]
[3143, 3153]
[3144]
[3145, 3148]
[3146, 3154, 3159]
[3147, 3149]
[3148, 3151]
[3149, 3152]
[3150, 3156, 3157]
[3151, 3164]
[3152, 3158]
[3153, 3183]
[3154, 3158]
[3155, 3160, 3307]
[3156, 3163]
[3157, 3161]
[3158]
[3159, 3324]
[3160, 3162, 3166]
[3161, 3165, 3176]
[3162, 3172, 3177]
[3163, 3168, 3170]
[3164, 3167, 3175]
[3165, 3173]
[3166, 3169, 3171]
[3167]
[3168, 3181]
[3169, 3174]
[3170, 3178]
[3171, 3174]
[3172, 3176, 3308]
[3173, 3180]
[3174]
[3175, 3179]
[3176]
[3177, 3311]
[3178, 4693]
[3179]
[3180, 3182, 3185]
[3181, 3336, 3341]
[3182, 3184]
[3183]
[3184, 3187]
[3185]
[3186, 3187, 3188]
[3187]
[3188]
[3189, 3190]
[3190, 3191, 3192]
[3191]
[3192, 3193, 3194, 3195]
[3193, 3198]
[3194, 3197]
[3195, 3196]
[3196, 3199]
[3197]
[3198, 3201]
[3199, 3200]
[3200]
[3201, 3202, 3205]
[3202, 3203]
[3203, 3204]
[3204, 3208]
[3205, 3206]
[3206, 3207]
[3207, 3209]
[3208, 3211]
[3209, 3210]
[3210]
[3211, 3212]
[3212, 3213]
[3213, 3214, 3215]
[3214, 3217]
[3215, 3216]
[3216, 3218]
[3217, 3219]
[3218, 3220]
[3219, 3223]
[3220, 3221, 3224]
[3221, 3222]
[3222, 3225]
[3223, 3227]
[3224, 3226]
[3225, 3228]
[3226, 3229]
[3227, 3230]
[3228, 3236, 3239]
[3229, 3231]
[3230, 3232, 3243]
[3231, 3234]
[3232, 3233, 3235]
[3233, 3237, 3256]
[3234, 3238]
[3235, 3246]
[3236, 3240]
[3237, 3241]
[3238, 3242]
[3239, 3266]
[3240, 3244]
[3241]
[3242, 3245]
[3243, 3257]
[3244, 3251]
[3245, 3247]
[3246, 3262]
[3247, 3248]
[3248, 3249]
[3249, 3250]
[3250, 3252]
[3251, 3259]
[3252, 3253]
[3253, 3254]
[3254, 3255]
[3255, 3258]
[3256, 3272]
[3257, 3261]
[3258, 3260]
[3259, 3263]
[3260, 3265]
[3261, 3268]
[3262, 3264]
[3263, 3266]
[3264, 3273]
[3265, 3267]
[3266]
[3267, 3269]
[3268, 3271]
[3269, 3270]
[3270, 3277]
[3271, 3275]
[3272, 3274]
[3273, 3287]
[3274, 3279]
[3275, 3276]
[3276, 3280]
[3277, 3278]
[3278, 3281]
[3279, 3288]
[3280, 3282]
[3281, 3283]
[3282, 3284]
[3283, 3285, 3286]
[3284, 3285]
[3285]
[3286, 3290]
[3287, 3292]
[3288, 3289]
[3289, 3295]
[3290, 3291]
[3291, 3293]
[3292, 3302]
[3293, 3294]
[3294, 3297]
[3295, 3296]
[3296, 3306]
[3297, 3298]
[3298, 3299]
[3299, 3300]
[3300, 3301]
[3301, 4216]
[3302, 3303]
[3303, 3304]
[3304, 3305]
[3305, 4223]
[3306, 4155]
[3307]
[3308, 3309, 3310]
[3309]
[3310]
[3311, 3312]
[3312]
[3313]
[3314, 3315, 3317]
[3315, 3316]
[3316]
[3317, 3318]
[3318, 3319]
[3319]
[3320, 3321, 3322]
[3321, 3323]
[3322]
[3323]
[3324, 3325]
[3325]
[3326, 3327]
[3327, 3328]
[3328]
[3329]
[3330]
[3331, 3332, 3333]
[3332]
[3333, 3334]
[3334, 3335, 3336]
[3335]
[3336, 3337]
[3337, 3338, 3339]
[3338]
[3339, 3340]
[3340, 3341]
[3341, 3342]
[3342, 3343]
[3343, 3344]
[3344, 3345, 3348]
[3345, 3346]
[3346, 3347, 3351]
[3347, 3350, 3352]
[3348, 3349]
[3349, 3361, 3367]
[3350, 3352]
[3351, 3353, 3354]
[3352]
[3353, 3355, 3356]
[3354, 3358]
[3355, 3357]
[3356, 3357]
[3357]
[3358, 3359]
[3359, 3360]
[3360]
[3361, 3362, 3363]
[3362, 3364, 3369]
[3363, 3365, 3368]
[3364, 3379]
[3365, 3366]
[3366, 3375]
[3367, 3372, 3378]
[3368, 3370, 3380]
[3369, 3387]
[3370, 3371]
[3371, 3373, 3381]
[3372, 3374, 3383]
[3373, 3376]
[3374, 3377, 3381]
[3375, 3384]
[3376, 3377]
[3377]
[3378]
[3379, 3388, 3390]
[3380, 3382]
[3381, 3382]
[3382, 3385]
[3383, 3385, 3387]
[3384, 3386]
[3385, 3386]
[3386]
[3387, 3422]
[3388, 3389, 3395]
[3389, 3391]
[3390, 3392, 3396]
[3391, 3393, 3394]
[3392, 3400]
[3393]
[3394, 3399, 3401]
[3395, 3398, 3410]
[3396, 3397, 3404]
[3397, 3408, 3411]
[3398, 3413]
[3399, 3403, 3406]
[3400, 3402, 3409]
[3401]
[3402, 3405, 3407]
[3403]
[3404, 3409]
[3405]
[3406]
[3407]
[3408, 3412]
[3409, 3414, 3416]
[3410, 3431]
[3411, 3415, 3417]
[3412]
[3413, 3418]
[3414]
[3415, 3416]
[3416, 3420]
[3417, 3419, 3424]
[3418, 3427, 3429]
[3419, 3421]
[3420, 3423, 3439]
[3421]
[3422, 3428, 4678]
[3423, 3426]
[3424, 3425, 3434]
[3425, 3436]
[3426]
[3427, 4456]
[3428, 3432]
[3429, 3430, 3435]
[3430, 3442, 3443]
[3431, 3433, 3439]
[3432, 3438]
[3433, 3446, 4556]
[3434, 3440, 3441]
[3435, 3437]
[3436, 3444]
[3437, 4527, 4847]
[3438, 3448]
[3439, 4642]
[3440, 3447]
[3441, 4640, 4643]
[3442, 4524, 4682]
[3443, 4682]
[3444, 3445]
[3445]
[3446, 4539, 4557]
[3447, 4634]
[3448, 4852]
[3449]
[3450, 3451]
[3451]
[3452, 3453, 3454]
[3453, 3459]
[3454, 3455, 3456]
[3455, 3457]
[3456, 3462, 3464]
[3457, 3458]
[3458, 3460]
[3459, 3461]
[3460, 3463]
[3461]
[3462, 3472]
[3463]
[3464, 3465]
[3465, 3466, 3467]
[3466, 3468]
[3467, 3469]
[3468, 3470]
[3469, 3477]
[3470, 3471]
[3471, 3473]
[3472, 3474, 3475]
[3473, 3481]
[3474, 3476]
[3475, 3479]
[3476, 3478]
[3477, 3483]
[3478, 3482]
[3479, 3480]
[3480, 3488]
[3481, 3485]
[3482, 3483, 3484, 3492]
[3483]
[3484, 3486]
[3485, 3487, 3494]
[3486, 3489]
[3487, 3495]
[3488, 3491]
[3489, 3490]
[3490, 3496]
[3491, 3493]
[3492]
[3493, 3501]
[3494, 3503]
[3495, 3497]
[3496]
[3497, 3498, 3499]
[3498, 3500]
[3499, 3502]
[3500]
[3501, 3504]
[3502, 3505]
[3503, 3507, 3510, 3511]
[3504, 3506]
[3505]
[3506]
[3507, 3508]
[3508, 3509]
[3509, 3512, 3515]
[3510, 3513]
[3511, 3516, 3519]
[3512, 3514]
[3513, 3518]
[3514, 3517]
[3515, 3521]
[3516, 3518]
[3517, 3520]
[3518]
[3519, 3527]
[3520, 3524, 3526]
[3521, 3522, 3523, 3528]
[3522, 3525]
[3523, 3526]
[3524, 3533]
[3525, 3531]
[3526]
[3527, 3529]
[3528, 3530]
[3529, 3535, 3538, 3541]
[3530, 3536, 3543, 3544]
[3531, 3532]
[3532, 3534, 3537]
[3533, 3539, 3540, 3567]
[3534, 3542]
[3535, 3545, 3552]
[3536, 3539, 3551]
[3537, 3550]
[3538, 3553]
[3539, 3551]
[3540, 3547]
[3541, 3549, 3564]
[3542, 3548]
[3543, 3555]
[3544, 3559]
[3545, 3546]
[3546, 3548, 3557]
[3547, 3554]
[3548]
[3549, 3568]
[3550, 3556, 3569]
[3551, 3554, 3563]
[3552, 3561]
[3553, 3561, 3892]
[3554, 3583, 3946]
[3555, 3901, 4335]
[3556, 3558]
[3557, 3560, 3566]
[3558, 3560, 3966]
[3559, 3562]
[3560]
[3561, 3897]
[3562, 3565]
[3563, 3925]
[3564, 3869]
[3565, 3930]
[3566, 3966]
[3567, 3586]
[3568, 3808, 3877]
[3569]
[3570, 3571, 3572, 3573]
[3571, 3573, 3575]
[3572, 3574]
[3573, 3579]
[3574]
[3575, 3576]
[3576, 3577]
[3577, 3578]
[3578, 3580, 3582]
[3579, 3584, 3594]
[3580, 3581, 3583]
[3581, 3586]
[3582, 3585]
[3583]
[3584, 3593]
[3585, 3587, 3589]
[3586, 3590]
[3587, 3588]
[3588, 3591]
[3589, 3592]
[3590]
[3591, 3595]
[3592, 3597]
[3593, 3598]
[3594, 3596]
[3595]
[3596, 3599]
[3597, 3603]
[3598, 3600]
[3599, 3601, 3611]
[3600, 3602]
[3601, 3604, 3608]
[3602, 3605]
[3603, 3606]
[3604, 3607, 3615]
[3605, 3609]
[3606, 3621, 3625]
[3607, 3612, 3614]
[3608, 3610]
[3609, 3970]
[3610, 3617]
[3611, 3627, 3631]
[3612, 3613]
[3613, 3623, 3633]
[3614, 3616]
[3615, 3618]
[3616, 3619]
[3617, 3620]
[3618, 3628]
[3619, 3622]
[3620, 3624]
[3621, 3653]
[3622]
[3623, 3626, 3630, 3632]
[3624, 3629]
[3625]
[3626, 3643]
[3627, 3635]
[3628, 3629, 3633]
[3629]
[3630, 3639]
[3631, 3634, 3637]
[3632, 3638, 3647]
[3633]
[3634, 3636]
[3635, 3652]
[3636, 3648, 3649]
[3637, 3642, 3643]
[3638, 3641, 3644]
[3639, 3640, 3645]
[3640, 3650]
[3641, 3646, 3667]
[3642, 3645, 3657]
[3643, 3645]
[3644, 3655]
[3645]
[3646, 3651]
[3647, 3650]
[3648]
[3649, 3658]
[3650, 3655]
[3651, 3656]
[3652, 3654]
[3653]
[3654]
[3655, 3656]
[3656, 3660]
[3657, 3659]
[3658, 3664, 3670, 3671]
[3659, 3661]
[3660, 3665]
[3661, 3662]
[3662, 3663, 3668]
[3663, 3666]
[3664, 3676]
[3665, 3672, 3675]
[3666, 3669]
[3667, 3673]
[3668, 3685]
[3669, 3674]
[3670]
[3671, 3683]
[3672, 3679, 3682]
[3673, 3687, 3953]
[3674, 3678]
[3675, 3677, 3680]
[3676, 5741, 5746]
[3677, 3943]
[3678, 3681]
[3679]
[3680, 3962]
[3681, 3684]
[3682, 5768, 5772]
[3683, 5764]
[3684, 3686]
[3685, 5764, 5774, 5775, 5778]
[3686, 5777]
[3687, 3949]
[3688, 3689]
[3689, 3690, 3692]
[3690, 3691]
[3691, 3693]
[3692]
[3693, 3694, 3695]
[3694, 3696]
[3695, 3698]
[3696, 3697, 3700]
[3697, 3705]
[3698, 3699]
[3699, 3701, 3702]
[3700, 3703]
[3701, 3702, 3704]
[3702]
[3703, 3714]
[3704, 3707]
[3705, 3706, 3715]
[3706, 3711]
[3707, 3708, 3710]
[3708, 3709]
[3709, 3713]
[3710, 3712]
[3711]
[3712, 3716]
[3713]
[3714, 3717, 3719]
[3715]
[3716, 3718]
[3717, 3723, 3725, 3731]
[3718, 3720, 3721]
[3719, 3722, 3724]
[3720]
[3721]
[3722, 3730]
[3723, 3726]
[3724, 3727]
[3725, 3728, 3729]
[3726, 3732]
[3727, 3735]
[3728, 3745]
[3729, 3733, 3736]
[3730, 3740]
[3731, 3734]
[3732, 3737, 3741]
[3733, 3735]
[3734, 3738]
[3735, 3743]
[3736, 3750]
[3737]
[3738, 3739, 3741, 3749]
[3739, 3746]
[3740, 3742]
[3741, 3747]
[3742, 3744]
[3743, 3751]
[3744, 3748]
[3745, 3746]
[3746, 3750]
[3747, 3755]
[3748, 3753]
[3749, 3754]
[3750, 3752]
[3751, 3758]
[3752, 3758]
[3753]
[3754, 3757, 3760]
[3755, 3756]
[3756, 3759]
[3757, 3766]
[3758, 3764, 3770]
[3759, 3761, 3763]
[3760, 3768]
[3761, 3762]
[3762]
[3763, 3765]
[3764, 3767, 3774]
[3765, 3769]
[3766, 3771, 3773]
[3767, 3777]
[3768, 3772]
[3769, 3772, 3775, 3778]
[3770, 3793]
[3771, 3780]
[3772]
[3773, 3776]
[3774, 3782]
[3775, 3781]
[3776, 3784, 3785]
[3777, 3779]
[3778, 3783]
[3779, 3789]
[3780, 3786]
[3781]
[3782, 3787]
[3783]
[3784, 3788, 3794]
[3785, 3790, 3797]
[3786, 3796]
[3787, 3791]
[3788, 3790, 3795]
[3789, 3803, 3804, 3805]
[3790, 3792]
[3791, 3796]
[3792, 3798, 3799]
[3793, 3800, 4343]
[3794, 3802]
[3795, 4919, 5819]
[3796]
[3797, 3801]
[3798, 4933]
[3799, 5783]
[3800, 5784, 5818]
[3801, 5790]
[3802, 5835]
[3803, 5836]
[3804, 5838]
[3805, 5820, 5840]
[3806, 3807, 3808]
[3807, 3809, 3811, 3815]
[3808, 3814]
[3809, 3810]
[3810, 3813]
[3811, 3812, 3818]
[3812, 3823]
[3813, 3814, 3820]
[3814, 3817]
[3815, 3816]
[3816, 3822, 3829]
[3817, 3819]
[3818]
[3819]
[3820, 3821, 3825]
[3821, 3824]
[3822, 3826, 3831]
[3823, 3833]
[3824, 3827, 3828]
[3825]
[3826, 3830, 3834]
[3827, 3832, 3836, 3837]
[3828, 3836]
[3829]
[3830, 3839]
[3831, 3842, 3846]
[3832, 3840]
[3833, 3835, 3845, 3848]
[3834, 3839, 3843]
[3835, 3847]
[3836, 3838]
[3837, 3841]
[3838, 3849]
[3839]
[3840, 3844]
[3841, 3852]
[3842, 3850, 3862]
[3843, 3861]
[3844, 3854, 3859]
[3845, 3855, 3865]
[3846]
[3847, 3860]
[3848, 3851, 3857]
[3849, 3853]
[3850, 3863]
[3851, 3881]
[3852, 3853]
[3853]
[3854, 3866, 3867]
[3855, 3856]
[3856, 3864, 3868]
[3857, 3858, 3874]
[3858, 3875]
[3859]
[3860]
[3861]
[3862, 3873]
[3863]
[3864]
[3865, 3876, 3879]
[3866]
[3867, 3869]
[3868, 3870, 3871]
[3869, 3877]
[3870, 3872]
[3871, 3872]
[3872]
[3873, 3878]
[3874, 3883, 3897]
[3875, 3887]
[3876, 3880, 3882]
[3877]
[3878, 3884]
[3879, 3889, 3891]
[3880, 3885]
[3881, 3890]
[3882, 3885]
[3883, 3886]
[3884]
[3885]
[3886, 3892]
[3887, 3888]
[3888, 3893]
[3889, 3894]
[3890, 3895]
[3891, 3903]
[3892, 3896]
[3893, 3897]
[3894, 3900, 3907]
[3895, 3901]
[3896, 3898]
[3897]
[3898, 3899]
[3899]
[3900, 3902]
[3901]
[3902, 3904, 3905]
[3903, 3908, 3914, 4335]
[3904, 3906]
[3905, 3909]
[3906, 3913, 3917]
[3907, 3910, 3911]
[3908, 3911, 3915, 3916]
[3909, 3912]
[3910, 3918, 3921]
[3911, 5767]
[3912, 4228]
[3913, 4228]
[3914, 3944]
[3915, 5767]
[3916, 3919]
[3917, 4255]
[3918, 3920]
[3919, 3922]
[3920]
[3921, 3991, 4333]
[3922, 3923, 4338]
[3923, 4337]
[3924]
[3925, 3926]
[3926, 3927]
[3927, 3928]
[3928, 3929]
[3929, 3930, 3931]
[3930]
[3931, 3932]
[3932, 3933]
[3933, 3934]
[3934, 3935]
[3935, 3936, 3937]
[3936, 3938]
[3937, 3940]
[3938, 3939, 3941]
[3939, 3943]
[3940, 3942]
[3941, 3945]
[3942, 3946]
[3943, 3944]
[3944, 3947]
[3945, 3948]
[3946, 3949]
[3947, 3950]
[3948, 3951]
[3949]
[3950, 3952, 3954]
[3951, 3953]
[3952, 3956]
[3953]
[3954, 3955, 3956]
[3955]
[3956, 3957]
[3957, 3958]
[3958, 3959]
[3959, 3960]
[3960, 3961]
[3961, 3962]
[3962]
[3963, 3964]
[3964, 3965]
[3965]
[3966]
[3967, 3968]
[3968]
[3969, 3970]
[3970]
[3971, 3972]
[3972, 3973]
[3973, 3974]
[3974, 3975]
[3975, 3976]
[3976, 3977]
[3977, 3978]
[3978, 3979]
[3979, 3980]
[3980]
[3981, 3982]
[3982, 3983]
[3983, 3984]
[3984]
[3985, 3986, 3987, 3988]
[3986, 3987]
[3987]
[3988, 3989]
[3989, 3990, 3991]
[3990]
[3991]
[3992, 3993]
[3993, 3994, 3996]
[3994, 3995]
[3995, 3997]
[3996, 3999, 4003]
[3997, 3998]
[3998, 4000]
[3999, 4004, 4007]
[4000, 4001]
[4001, 4002]
[4002]
[4003, 4006, 4011]
[4004, 4005, 4008]
[4005, 4015]
[4006, 4010]
[4007, 4012, 4015]
[4008, 4009, 4016]
[4009, 4020]
[4010, 4013, 4014]
[4011, 4016, 4017]
[4012, 4022]
[4013, 4014]
[4014]
[4015, 4020]
[4016, 4019]
[4017, 4018]
[4018, 4021]
[4019, 4023, 4024]
[4020, 4024]
[4021, 4025, 4027]
[4022, 4038]
[4023, 4026, 4029]
[4024, 4033]
[4025, 4026, 4032]
[4026]
[4027, 4028, 4030]
[4028, 4036, 4042]
[4029, 4031]
[4030, 4034]
[4031, 4035]
[4032, 4037]
[4033]
[4034, 4041, 4044]
[4035, 4037]
[4036, 4039, 4046]
[4037, 4040]
[4038, 4060]
[4039, 4047]
[4040]
[4041, 4043]
[4042, 4048]
[4043, 4045]
[4044, 4067]
[4045, 4049]
[4046, 4051, 4052]
[4047, 4053, 4054]
[4048, 4050, 4056, 4057]
[4049, 4055, 4061]
[4050, 4070]
[4051, 4064, 4066]
[4052, 4059, 4077]
[4053]
[4054, 4058]
[4055, 4067]
[4056, 4065, 4074]
[4057, 4063]
[4058, 4062, 4068]
[4059, 4073]
[4060, 4071, 4083]
[4061, 4069]
[4062, 4078]
[4063, 4066]
[4064, 4076]
[4065, 4081]
[4066, 4086]
[4067]
[4068, 4072]
[4069]
[4070]
[4071, 4075]
[4072]
[4073, 4095, 4102]
[4074, 4091]
[4075, 4080]
[4076, 4079]
[4077, 4087]
[4078, 4094, 4119]
[4079, 4082]
[4080, 4101]
[4081, 4085]
[4082, 4084]
[4083, 4089]
[4084]
[4085, 4090]
[4086, 4088, 4099]
[4087, 4093]
[4088, 4097]
[4089, 4092]
[4090]
[4091, 4096]
[4092, 5724, 5758]
[4093, 4095]
[4094]
[4095]
[4096, 4098, 4104]
[4097, 4100, 4105]
[4098, 4103]
[4099]
[4100, 4106]
[4101, 4109, 4118]
[4102, 4108, 4111]
[4103, 6086]
[4104]
[4105, 4107]
[4106, 4136, 4149]
[4107]
[4108, 4121]
[4109, 4121]
[4110, 4111]
[4111]
[4112, 4113, 4114]
[4113]
[4114]
[4115, 4116]
[4116]
[4117]
[4118, 4119]
[4119]
[4120]
[4121]
[4122, 4123, 4126]
[4123, 4124]
[4124, 4125]
[4125]
[4126, 4127]
[4127, 4128, 4129]
[4128]
[4129, 4130]
[4130, 4131, 4132]
[4131, 4132]
[4132]
[4133, 4134]
[4134, 4135]
[4135, 4136]
[4136, 4137]
[4137, 4138]
[4138, 4139]
[4139, 4140]
[4140]
[4141, 4142]
[4142, 4143]
[4143]
[4144]
[4145, 4146, 4147]
[4146, 4149]
[4147, 4148]
[4148]
[4149]
[4150]
[4151, 4152, 4153]
[4152, 4154, 4155, 4156]
[4153, 4160]
[4154, 4157, 4159]
[4155, 4158]
[4156, 4161]
[4157]
[4158]
[4159, 4162]
[4160]
[4161, 4163]
[4162, 4164]
[4163, 4165]
[4164, 4173]
[4165, 4166, 4167]
[4166, 4168, 4169]
[4167, 4170]
[4168, 4169]
[4169]
[4170, 4171, 4172]
[4171, 4175]
[4172, 4174]
[4173, 4175, 4184]
[4174, 4176, 4177]
[4175, 4181]
[4176, 4178]
[4177, 4180]
[4178, 4179]
[4179, 4180]
[4180]
[4181, 4182]
[4182, 4183]
[4183, 4185]
[4184]
[4185, 4186]
[4186, 4187]
[4187, 4188]
[4188, 4189, 4190, 4191]
[4189, 4195]
[4190, 4192]
[4191, 4193]
[4192, 4194]
[4193, 4199]
[4194, 4197]
[4195, 4196]
[4196, 4198]
[4197, 4207]
[4198, 4211]
[4199, 4200, 4201]
[4200, 4202]
[4201, 4206]
[4202, 4203, 4204]
[4203, 4205]
[4204, 4208, 4214]
[4205, 4209]
[4206, 4210]
[4207, 4221]
[4208, 4216]
[4209, 4212]
[4210, 4213]
[4211, 4222]
[4212, 4218]
[4213, 4215]
[4214, 4217]
[4215]
[4216]
[4217]
[4218, 4219]
[4219, 4220]
[4220]
[4221, 4224]
[4222, 4223]
[4223]
[4224]
[4225, 4226, 4227, 4228]
[4226, 4232]
[4227, 4229, 4233]
[4228]
[4229, 4230, 4236]
[4230, 4231]
[4231]
[4232, 4234, 4235]
[4233]
[4234, 4237]
[4235, 4238]
[4236]
[4237, 4239, 4240, 4241]
[4238, 4243]
[4239, 4245]
[4240, 4242]
[4241, 4246, 4254]
[4242, 4244]
[4243, 4248]
[4244, 4247, 4250]
[4245, 4256]
[4246]
[4247, 4249, 4251]
[4248, 4255]
[4249, 4252]
[4250, 4253, 4259]
[4251, 4252]
[4252]
[4253, 4257, 4266]
[4254, 4258, 4261]
[4255, 4262]
[4256, 4261, 4270]
[4257, 4260, 4263]
[4258, 4265]
[4259, 4264, 4264]
[4260, 4263]
[4261, 4267]
[4262]
[4263]
[4264]
[4265, 4268]
[4266]
[4267]
[4268, 4269]
[4269, 4273]
[4270, 4271]
[4271, 4272]
[4272, 4275, 4282]
[4273, 4274]
[4274, 4276]
[4275, 4277, 4279]
[4276, 4278, 4282, 4284]
[4277, 4283]
[4278, 4286]
[4279, 4280, 4281]
[4280, 4290]
[4281, 4285, 4292]
[4282]
[4283, 4287]
[4284]
[4285, 4288]
[4286, 4289]
[4287]
[4288, 4293, 4295]
[4289, 4294]
[4290, 4291]
[4291]
[4292, 4300, 4302]
[4293, 4296]
[4294]
[4295, 4298]
[4296, 4297]
[4297, 4299]
[4298, 4301]
[4299]
[4300, 4317]
[4301, 4303, 4304]
[4302, 4305, 4307]
[4303, 4306]
[4304]
[4305, 4308, 4310]
[4306, 4309]
[4307, 4311]
[4308, 4312, 4320]
[4309]
[4310, 4316]
[4311, 4313]
[4312, 4319, 4332]
[4313, 4314]
[4314, 4315]
[4315, 4318]
[4316, 4321]
[4317, 4327, 4332]
[4318, 4323, 4324]
[4319]
[4320, 4322]
[4321, 4328]
[4322, 4325]
[4323, 4326]
[4324]
[4325, 4329]
[4326]
[4327, 4330]
[4328]
[4329]
[4330, 4331]
[4331]
[4332]
[4333, 4334]
[4334]
[4335]
[4336]
[4337, 4338]
[4338]
[4339, 4340]
[4340, 4341]
[4341, 4342]
[4342, 4343]
[4343]
[4344]
[4345, 4346]
[4346]
[4347]
[4348, 4349, 4350]
[4349, 4351]
[4350]
[4351]
[4352]
[4353]
[4354, 4355, 4356]
[4355, 4357]
[4356, 4357]
[4357]
[4358, 4359, 4363]
[4359, 4360]
[4360, 4361]
[4361, 4362]
[4362, 4364]
[4363, 4368]
[4364, 4365, 4367]
[4365, 4366]
[4366, 4390]
[4367, 4373, 4374]
[4368, 4369, 4375]
[4369, 4370, 4371]
[4370, 4372, 4379]
[4371, 4376, 4378]
[4372]
[4373, 4381]
[4374, 4380, 4385]
[4375, 4382]
[4376, 4377, 4379]
[4377, 4384, 4389]
[4378, 4383]
[4379, 4397]
[4380, 4386]
[4381, 4387]
[4382, 4383]
[4383, 4389]
[4384, 4393, 4402]
[4385, 4388]
[4386, 4391]
[4387, 4395]
[4388, 4401]
[4389]
[4390, 4392, 4394]
[4391, 4399]
[4392, 4403]
[4393, 4397, 4406]
[4394, 4396]
[4395, 4396, 4399]
[4396, 4398]
[4397, 4400]
[4398, 4404, 4408]
[4399]
[4400]
[4401, 4405, 4407]
[4402, 4417]
[4403]
[4404, 4411]
[4405, 4426]
[4406, 4409, 4410]
[4407, 4418]
[4408, 4419, 4421]
[4409, 4414, 4443]
[4410, 4413, 4415]
[4411, 4412, 4416, 4428]
[4412, 4426]
[4413]
[4414, 4422, 4427]
[4415, 4420, 4424]
[4416, 4418, 4425]
[4417, 4423]
[4418]
[4419, 4433, 4435]
[4420, 4429, 4430]
[4421]
[4422, 4437]
[4423, 4438]
[4424]
[4425, 4432]
[4426, 4439, 4444]
[4427, 4431]
[4428, 4441]
[4429, 4436, 4440]
[4430, 4434]
[4431]
[4432]
[4433, 4449]
[4434, 4442, 4446]
[4435]
[4436]
[4437]
[4438]
[4439, 4457]
[4440, 4445, 4446]
[4441, 4449]
[4442]
[4443, 4448, 4454, 4456]
[4444, 4447, 4459]
[4445]
[4446, 4451]
[4447, 4450]
[4448, 4453, 4455]
[4449, 4457]
[4450, 4452]
[4451, 4465]
[4452, 4460]
[4453, 4468]
[4454, 4458, 4606]
[4455, 4462, 4467]
[4456, 4464]
[4457, 4501]
[4458, 4461, 4470]
[4459]
[4460, 4466]
[4461, 4472]
[4462, 4463, 4475]
[4463, 4471, 4523]
[4464]
[4465, 4619, 4846]
[4466, 4512]
[4467, 4469]
[4468, 4469, 4475]
[4469]
[4470, 4473, 4708]
[4471, 4474]
[4472, 4608, 4611]
[4473, 4701, 4858]
[4474, 4521]
[4475]
[4476, 4477]
[4477, 4478]
[4478, 4479, 4481]
[4479, 4480]
[4480]
[4481]
[4482, 4483, 4485, 4488]
[4483, 4484, 4485]
[4484, 4487]
[4485, 4486]
[4486, 4489]
[4487, 4491]
[4488, 4490, 4494]
[4489, 4492]
[4490, 4493]
[4491, 4496, 4497]
[4492, 4508]
[4493, 4495]
[4494, 4501, 4502]
[4495, 4498]
[4496, 4500]
[4497, 4499, 4505]
[4498, 4503]
[4499, 4502]
[4500]
[4501]
[4502, 4504]
[4503, 4506]
[4504, 4507]
[4505]
[4506, 4509]
[4507]
[4508]
[4509, 4510]
[4510, 4511, 4512]
[4511]
[4512]
[4513, 4514, 4515, 4516]
[4514, 4520]
[4515, 4517, 4518]
[4516, 4520, 4521]
[4517, 4519]
[4518, 4519]
[4519]
[4520, 4522, 4523]
[4521]
[4522, 4525, 4527]
[4523, 4524]
[4524, 4527]
[4525, 4526, 4528]
[4526, 4529, 4531]
[4527, 4532]
[4528, 4530, 4533]
[4529, 4541, 4542]
[4530, 4534, 4538]
[4531, 4536, 4542]
[4532, 4536, 4539]
[4533, 4535, 4537]
[4534, 4550, 4551]
[4535, 4540]
[4536, 4544]
[4537, 4540]
[4538, 4547, 4548]
[4539, 4544]
[4540]
[4541, 4543]
[4542, 4545]
[4543, 4549]
[4544, 4546]
[4545, 4554, 4557]
[4546, 4557]
[4547, 4553, 4561]
[4548]
[4549, 4556]
[4550, 4552, 4564]
[4551, 4555, 4558]
[4552, 4562, 4565]
[4553, 4560]
[4554]
[4555, 4559]
[4556, 4563]
[4557]
[4558, 4559]
[4559]
[4560]
[4561]
[4562, 4571]
[4563]
[4564, 4566, 4567]
[4565, 4568]
[4566, 4569]
[4567, 4569]
[4568, 4570]
[4569]
[4570]
[4571, 4572]
[4572, 4573, 4575]
[4573, 4574]
[4574, 4576]
[4575, 4577]
[4576]
[4577, 4578, 4581]
[4578, 4579]
[4579, 4580]
[4580]
[4581, 4582]
[4582, 4583]
[4583, 4584, 4585]
[4584, 4587, 4589]
[4585, 4586, 4588]
[4586, 4590, 4591]
[4587]
[4588, 4593, 4595]
[4589, 4592]
[4590, 4594]
[4591]
[4592, 4596]
[4593]
[4594, 4597, 4598]
[4595, 4599, 4600]
[4596, 4604, 4607]
[4597, 4602]
[4598]
[4599, 4601]
[4600, 4601]
[4601]
[4602, 4603]
[4603, 4605, 4606]
[4604, 4608, 4613]
[4605, 4611]
[4606]
[4607, 4609, 4610]
[4608, 4619]
[4609, 4612]
[4610, 4617, 4624]
[4611]
[4612, 4614]
[4613, 4615, 4618]
[4614]
[4615, 4616]
[4616, 4622]
[4617, 4621]
[4618, 4620, 4623]
[4619, 4620]
[4620]
[4621, 4622, 4623]
[4622]
[4623, 4625]
[4624]
[4625, 4626, 4627]
[4626]
[4627, 4628, 4630]
[4628, 4629]
[4629]
[4630, 4846]
[4631]
[4632, 4633, 4634]
[4633]
[4634, 4635]
[4635]
[4636, 4637]
[4637, 4638]
[4638]
[4639, 4640]
[4640, 4641]
[4641, 4642]
[4642, 4643]
[4643, 4644]
[4644, 4645, 4647]
[4645, 4646]
[4646, 4650, 4651]
[4647, 4648]
[4648, 4649]
[4649]
[4650, 4652]
[4651]
[4652, 4653]
[4653]
[4654, 4655, 4657]
[4655, 4656]
[4656, 4658]
[4657, 4661]
[4658, 4659]
[4659, 4660]
[4660, 4662]
[4661, 4663]
[4662, 4664]
[4663, 4665]
[4664]
[4665, 4666]
[4666, 4667, 4668, 4669]
[4667, 4670, 4671]
[4668, 4670]
[4669, 4671]
[4670]
[4671]
[4672, 4673]
[4673, 4674]
[4674, 4675]
[4675, 4676]
[4676, 4677]
[4677, 4678]
[4678, 4679]
[4679, 4680]
[4680, 4681]
[4681]
[4682]
[4683, 4684, 4685, 4687]
[4684, 4686]
[4685, 4686]
[4686]
[4687, 4688]
[4688, 4689, 4690]
[4689]
[4690, 4691]
[4691, 4692, 4692]
[4692]
[4693]
[4694, 4695, 4696]
[4695]
[4696, 4697]
[4697, 4698]
[4698, 4699]
[4699]
[4700]
[4701, 4702, 4703]
[4702, 4704]
[4703, 4704]
[4704]
[4705, 4706]
[4706, 4707]
[4707]
[4708, 4709]
[4709, 4710]
[4710, 4711]
[4711]
[4712, 4713]
[4713, 4714]
[4714, 4715]
[4715, 4716]
[4716, 4717]
[4717, 4718]
[4718, 4719]
[4719, 4720]
[4720, 4721]
[4721, 4722]
[4722, 4723]
[4723, 4724]
[4724, 4725]
[4725, 4726]
[4726, 4727]
[4727, 4728]
[4728, 4729]
[4729, 4730]
[4730, 4731]
[4731, 4732]
[4732, 4733]
[4733, 4734]
[4734, 4735]
[4735, 4736]
[4736, 4737]
[4737, 4738]
[4738, 4739]
[4739, 4740]
[4740, 4741]
[4741, 4742]
[4742, 4743]
[4743, 4744]
[4744, 4745]
[4745, 4746, 4748]
[4746, 4747]
[4747, 4749]
[4748, 4750]
[4749, 4751]
[4750, 4752]
[4751, 4753, 4754]
[4752, 4759]
[4753, 4755, 4760]
[4754, 4756, 4758]
[4755, 4757, 4769]
[4756, 4763]
[4757, 4765, 4766]
[4758, 4762, 4772]
[4759, 4768]
[4760, 4761]
[4761, 4764]
[4762, 4773]
[4763, 4771]
[4764]
[4765, 4767]
[4766, 4777, 4780]
[4767, 4770]
[4768, 4775]
[4769]
[4770, 4774]
[4771, 4778]
[4772, 4774]
[4773, 4776, 4791]
[4774]
[4775, 4789]
[4776, 4781, 4785]
[4777, 4779]
[4778, 4784]
[4779]
[4780, 4782, 4787]
[4781, 4783, 4788]
[4782, 4796, 4798]
[4783, 4786]
[4784, 4799]
[4785]
[4786, 4790, 4793]
[4787, 4797, 4803, 4809]
[4788, 4792, 5382]
[4789, 4821]
[4790, 4794]
[4791, 4797, 4804]
[4792, 4795]
[4793, 4794]
[4794]
[4795]
[4796]
[4797, 4800]
[4798, 4806]
[4799, 4808, 5365]
[4800, 4801]
[4801, 4802]
[4802]
[4803, 4805, 4813]
[4804, 4807, 4824]
[4805, 4825]
[4806, 4810]
[4807, 4812, 4819]
[4808]
[4809, 4811, 4814]
[4810, 4822, 4828]
[4811, 4820, 4826]
[4812, 4823]
[4813, 4815, 4816]
[4814, 4817]
[4815, 4818]
[4816, 4818]
[4817, 4820]
[4818]
[4819, 5649]
[4820]
[4821, 5624]
[4822, 4829, 5479]
[4823, 4827, 5645]
[4824]
[4825, 5683]
[4826, 5564, 5686]
[4827, 5559]
[4828, 5521, 5676]
[4829, 5475, 5495]
[4830]
[4831]
[4832]
[4833, 4834]
[4834, 4835]
[4835, 4836]
[4836, 4837]
[4837, 4838]
[4838, 4839]
[4839, 4840]
[4840]
[4841, 4842]
[4842, 4843]
[4843, 4844]
[4844, 4845]
[4845]
[4846]
[4847, 4848, 4849]
[4848, 4850]
[4849, 4850]
[4850]
[4851]
[4852]
[4853]
[4854, 4855, 4856, 4858]
[4855, 4857]
[4856, 4857]
[4857]
[4858]
[4859]
[4860, 4861]
[4861, 4862, 4863]
[4862]
[4863, 4864]
[4864, 4865]
[4865, 4866]
[4866, 4867]
[4867]
[4868, 4869]
[4869, 4870, 4872]
[4870, 4871]
[4871, 4875]
[4872, 4873, 4874]
[4873, 4876]
[4874, 4877]
[4875, 4878, 4881]
[4876, 4878]
[4877, 4879, 4892]
[4878, 4880]
[4879, 4885]
[4880, 4882]
[4881, 4883, 4886]
[4882, 4884]
[4883]
[4884, 4886, 4888]
[4885, 4887]
[4886]
[4887, 4889]
[4888, 4892]
[4889, 4890]
[4890, 4891]
[4891, 4894]
[4892, 4893, 4895]
[4893, 4895]
[4894, 4896]
[4895, 4898]
[4896, 4897]
[4897, 4899]
[4898]
[4899, 4900]
[4900, 4901]
[4901, 4902, 4903]
[4902, 4908]
[4903, 4904]
[4904, 4905]
[4905, 4906]
[4906, 4907]
[4907, 4909]
[4908, 4912]
[4909, 4910]
[4910, 4911]
[4911]
[4912, 4913]
[4913, 4914]
[4914, 4915]
[4915, 4916]
[4916, 4917, 4918]
[4917, 4919]
[4918, 4920]
[4919]
[4920, 4921]
[4921, 4922]
[4922, 4923]
[4923, 4924]
[4924, 4925]
[4925, 4926, 4930]
[4926, 4927]
[4927, 4928]
[4928, 4929]
[4929]
[4930, 4931, 4932]
[4931, 4933]
[4932, 4934]
[4933]
[4934, 4935]
[4935, 4936, 4937]
[4936, 4938]
[4937, 4940]
[4938, 4939]
[4939]
[4940, 4941]
[4941]
[4942, 4943, 4944]
[4943]
[4944]
[4945, 4946, 4947]
[4946, 4948]
[4947, 4950, 4952]
[4948, 4949]
[4949, 4951]
[4950]
[4951]
[4952]
[4953]
[4954, 4955]
[4955]
[4956]
[4957, 4958]
[4958, 4959]
[4959]
[4960]
[4961, 4962, 4963]
[4962, 4964]
[4963]
[4964, 4965]
[4965, 4966, 4968]
[4966, 4967]
[4967, 4969]
[4968, 4970, 4971]
[4969]
[4970, 4972]
[4971]
[4972]
[4973, 4974]
[4974]
[4975]
[4976, 4977]
[4977, 4978]
[4978]
[4979]
[4980, 4981, 4982, 4983, 4988]
[4981, 4984, 4997]
[4982, 4985]
[4983, 4989, 4990]
[4984, 4986]
[4985, 4992, 4994]
[4986, 4987]
[4987]
[4988, 4993]
[4989, 4991]
[4990, 5001]
[4991, 4996, 4999]
[4992, 5000]
[4993, 5003, 5025]
[4994, 4995, 5006]
[4995, 5007]
[4996, 4998]
[4997, 5012]
[4998]
[4999, 5002, 5014]
[5000, 5008]
[5001, 5004, 5019]
[5002, 5004, 5016]
[5003, 5005, 5020, 5097]
[5004, 5015]
[5005, 5011]
[5006, 5009, 5010]
[5007, 5018]
[5008, 5017]
[5009, 5013]
[5010, 5013]
[5011, 5023]
[5012, 5027]
[5013]
[5014, 5025, 5040]
[5015, 5024]
[5016, 5021]
[5017, 5030, 5035]
[5018, 5022]
[5019, 5028, 5029]
[5020, 5026]
[5021]
[5022, 5043, 5044, 5046]
[5023]
[5024, 5034]
[5025]
[5026, 5042, 5047]
[5027, 5031]
[5028, 5034]
[5029, 5036, 5038]
[5030, 5032, 5033]
[5031, 5048]
[5032, 5037]
[5033, 5037]
[5034]
[5035, 5041]
[5036, 5039]
[5037]
[5038, 5049, 5088]
[5039, 5045, 5064]
[5040, 5053]
[5041, 5050]
[5042]
[5043, 5057, 5059]
[5044, 5069]
[5045, 5052]
[5046, 5080]
[5047, 5051, 5055]
[5048, 5445]
[5049, 5054, 5070]
[5050, 5062]
[5051, 5071]
[5052, 5056]
[5053, 5060, 5065]
[5054, 5058, 5061]
[5055, 5067]
[5056, 5068]
[5057, 5063, 5076]
[5058, 5073, 5079]
[5059, 5077]
[5060, 5072, 5074]
[5061, 5609]
[5062, 5700]
[5063, 5086, 5090]
[5064, 5075, 5082]
[5065, 5066, 5087]
[5066, 5713]
[5067, 5544]
[5068, 5081]
[5069, 5083, 5091]
[5070]
[5071, 5078]
[5072, 5097]
[5073, 5094]
[5074, 5084, 5087]
[5075, 5085]
[5076, 5177]
[5077, 5550]
[5078, 5095, 5413]
[5079]
[5080, 5096, 5184]
[5081, 5711]
[5082, 5089]
[5083, 5093, 5545]
[5084]
[5085, 5570, 5578]
[5086, 5137, 5710]
[5087, 5092]
[5088, 5586]
[5089]
[5090, 5547]
[5091, 5550]
[5092]
[5093, 5253, 5553]
[5094]
[5095, 5443]
[5096, 5199]
[5097, 5543]
[5098, 5099, 5120]
[5099, 5100, 5101]
[5100, 5102, 5105, 5108]
[5101, 5103]
[5102, 5106]
[5103, 5104]
[5104, 5110]
[5105, 5107, 5109]
[5106, 5113]
[5107, 5112]
[5108, 5115, 5119]
[5109, 5111]
[5110, 5117, 5118]
[5111, 5114]
[5112, 5133]
[5113, 5129]
[5114, 5116]
[5115, 5126]
[5116, 5123, 5134]
[5117, 5124]
[5118, 5121, 5122]
[5119, 5132]
[5120, 5125, 5130]
[5121, 5127]
[5122, 5130]
[5123, 5135, 5141]
[5124]
[5125, 5128, 5131]
[5126]
[5127, 5140]
[5128, 5159]
[5129, 5138, 5158]
[5130, 5136]
[5131, 5142, 5144]
[5132, 5143]
[5133, 5166, 5195]
[5134, 5145, 5175]
[5135, 5147, 5158]
[5136, 5137, 5146]
[5137]
[5138, 5139, 5148]
[5139, 5150, 5152]
[5140, 5151, 5179]
[5141, 5161, 5176, 5203]
[5142, 5149, 5153]
[5143, 5160]
[5144, 5174]
[5145, 5162, 5164]
[5146, 5157]
[5147]
[5148, 5160]
[5149, 5155]
[5150, 5154, 5187]
[5151, 5165]
[5152, 5163]
[5153, 5155]
[5154, 5156]
[5155]
[5156, 5183]
[5157, 5167, 5172]
[5158, 5171]
[5159, 5166]
[5160]
[5161, 5171]
[5162, 5170]
[5163, 5168, 5189]
[5164]
[5165, 5169, 5180]
[5166]
[5167, 5188]
[5168, 5182]
[5169, 5177]
[5170, 5173]
[5171, 5181]
[5172]
[5173, 5178]
[5174, 5206, 5211]
[5175, 5186, 5194]
[5176, 5197, 5452]
[5177]
[5178]
[5179, 5199, 5212]
[5180, 5184]
[5181]
[5182, 5185]
[5183, 5191]
[5184, 5196]
[5185]
[5186, 5190, 5205]
[5187, 5201]
[5188, 5209]
[5189, 5192]
[5190, 5213]
[5191, 5193, 5204]
[5192, 5198]
[5193]
[5194, 5200]
[5195]
[5196]
[5197, 5200]
[5198, 5207]
[5199, 5202]
[5200, 5456]
[5201, 5674]
[5202, 5208]
[5203, 5215, 5463]
[5204, 5210, 5557, 5641]
[5205, 5460]
[5206, 5209, 5214]
[5207]
[5208]
[5209, 5552]
[5210, 5642]
[5211, 5218, 5287]
[5212, 5673]
[5213, 5990]
[5214, 5701, 5704]
[5215]
[5216, 5217, 5218]
[5217, 5219, 5220]
[5218, 5221]
[5219, 5231]
[5220, 5222, 5225]
[5221, 5223]
[5222, 5226]
[5223, 5224, 5229]
[5224, 5227]
[5225, 5228, 5230]
[5226, 5234, 5240]
[5227, 5237]
[5228, 5232]
[5229, 5243]
[5230, 5232]
[5231, 5233, 5242, 5262]
[5232]
[5233, 5235]
[5234, 5238, 5239]
[5235, 5236]
[5236, 5247]
[5237, 5244, 5245]
[5238, 5239]
[5239, 5241]
[5240, 5246, 5251]
[5241]
[5242, 5250]
[5243, 5249]
[5244, 5245]
[5245]
[5246, 5250, 5267]
[5247, 5248, 5256]
[5248, 5254, 5271]
[5249, 5252, 5265]
[5250, 5259, 5290]
[5251, 5253, 5255]
[5252, 5258, 5269]
[5253, 5272]
[5254, 5257]
[5255, 5263]
[5256, 5260, 5268]
[5257, 5261]
[5258, 5273, 5286]
[5259, 5270, 5279]
[5260, 5266]
[5261, 5264]
[5262, 5282, 5283]
[5263, 5277]
[5264]
[5265, 5269]
[5266, 5268]
[5267]
[5268]
[5269]
[5270]
[5271, 5274]
[5272, 5276]
[5273, 5275]
[5274]
[5275, 5278, 5281]
[5276]
[5277, 5287]
[5278, 5280, 5284]
[5279, 5285]
[5280, 5288]
[5281, 5284]
[5282, 5301, 5310]
[5283, 5289, 5298]
[5284]
[5285, 5294]
[5286, 5292]
[5287]
[5288, 5291]
[5289, 5296, 5300]
[5290]
[5291, 5293, 5297]
[5292, 5304, 5306]
[5293, 5295, 5299]
[5294, 5303]
[5295, 5302]
[5296, 5305, 5312]
[5297, 5299]
[5298]
[5299]
[5300, 5315, 5318]
[5301, 5303, 5327]
[5302, 5308]
[5303]
[5304, 5307]
[5305, 5309, 5325]
[5306]
[5307, 5314, 5317]
[5308, 5313, 5332]
[5309, 5311, 5311]
[5310, 5322]
[5311]
[5312]
[5313, 5316, 5320]
[5314, 5328]
[5315, 5319, 5321]
[5316, 5323]
[5317, 5330, 5332]
[5318, 5326, 5331]
[5319, 5324]
[5320, 5323]
[5321, 5324]
[5322, 5329]
[5323]
[5324]
[5325]
[5326]
[5327]
[5328, 5949]
[5329, 5381, 5667]
[5330, 5333]
[5331]
[5332]
[5333, 5947, 5987]
[5334, 5335, 5337]
[5335, 5336]
[5336, 5338]
[5337, 5339]
[5338, 5340]
[5339, 5342]
[5340, 5341, 5344]
[5341, 5343, 5345]
[5342, 5348]
[5343, 5347]
[5344, 5346]
[5345, 5349]
[5346, 5354]
[5347, 5350]
[5348, 5353, 5369]
[5349, 5351, 5363]
[5350, 5351]
[5351, 5352, 5361]
[5352, 5355]
[5353, 5356]
[5354, 5359]
[5355, 5360]
[5356, 5357, 5358]
[5357, 5365]
[5358, 5367, 5368]
[5359, 5375]
[5360, 5366]
[5361, 5362, 5364]
[5362, 5384]
[5363, 5370]
[5364, 5378]
[5365]
[5366, 5372]
[5367, 5385]
[5368, 5376, 5410]
[5369, 5371, 5373]
[5370, 5374]
[5371, 5377]
[5372, 5381]
[5373, 5388]
[5374, 5379]
[5375, 5380]
[5376, 5382]
[5377, 5392]
[5378, 5403]
[5379, 5383, 5390]
[5380, 5419]
[5381, 5397, 5415]
[5382]
[5383, 5386]
[5384, 5387, 5409]
[5385, 5393, 5410]
[5386, 5391, 5394]
[5387, 5400, 5407]
[5388, 5389, 5405]
[5389, 5413]
[5390, 5396, 5406]
[5391, 5395, 5401]
[5392, 5714]
[5393, 5402]
[5394, 5396]
[5395, 5399]
[5396, 5398]
[5397, 5407]
[5398, 5408]
[5399, 5404]
[5400, 5431]
[5401, 5411]
[5402, 5432]
[5403, 5439]
[5404, 5408, 5412]
[5405, 5426]
[5406, 5430]
[5407, 5416]
[5408]
[5409, 5428, 5569]
[5410, 5648]
[5411, 5425]
[5412, 5414, 5421]
[5413, 5434]
[5414, 5420, 5424]
[5415, 5417, 5429]
[5416, 5427]
[5417, 5418]
[5418, 5433, 5442]
[5419, 5422]
[5420, 5425]
[5421, 5423, 5424]
[5422, 5443]
[5423, 5448]
[5424, 5436]
[5425]
[5426, 5438]
[5427, 5441]
[5428, 5431]
[5429, 5435]
[5430]
[5431, 5445]
[5432, 5434]
[5433, 5437, 5444]
[5434]
[5435]
[5436, 5444, 5446]
[5437, 5440, 5449]
[5438, 5653]
[5439, 5447]
[5440]
[5441, 5670]
[5442, 5566]
[5443]
[5444, 5451]
[5445]
[5446, 5959]
[5447]
[5448]
[5449, 5450, 5969]
[5450, 5919]
[5451, 5989]
[5452, 5453]
[5453, 5454, 5456]
[5454, 5455]
[5455, 5457]
[5456, 5458]
[5457, 5459]
[5458]
[5459, 5460, 5461]
[5460, 5462]
[5461]
[5462]
[5463, 5464]
[5464, 5465]
[5465]
[5466, 5467, 5468, 5470]
[5467, 5471]
[5468, 5469, 5479]
[5469, 5474]
[5470, 5472]
[5471, 5473, 5476]
[5472, 5475, 5480]
[5473, 5478]
[5474, 5477]
[5475, 5479]
[5476, 5481]
[5477, 5481]
[5478, 5482, 5483]
[5479]
[5480, 5490]
[5481, 5484]
[5482, 5485]
[5483, 5486]
[5484]
[5485, 5492]
[5486, 5487, 5488]
[5487, 5488, 5489]
[5488]
[5489]
[5490, 5491]
[5491, 5493]
[5492, 5494, 5496]
[5493, 5495]
[5494, 5497]
[5495]
[5496, 5498]
[5497, 5499]
[5498]
[5499, 5500, 5501]
[5500, 5502]
[5501, 5503]
[5502, 5504, 5506]
[5503, 5505]
[5504, 5507]
[5505, 5508]
[5506, 5507]
[5507]
[5508, 5509, 5510]
[5509, 5511, 5512]
[5510, 5513, 5514]
[5511, 5521]
[5512, 5515]
[5513, 5517]
[5514, 5516, 5519]
[5515, 5518, 5520]
[5516]
[5517, 5524]
[5518, 5522]
[5519, 5523]
[5520, 5525]
[5521, 5529]
[5522, 5532]
[5523, 5526, 5528]
[5524]
[5525, 5527]
[5526, 5535]
[5527]
[5528, 5530]
[5529, 5532]
[5530, 5531]
[5531, 5533, 5534]
[5532]
[5533, 5534]
[5534]
[5535, 5536, 5536]
[5536]
[5537, 5538]
[5538, 5539, 5541]
[5539, 5540, 5544]
[5540]
[5541, 5542]
[5542, 5543]
[5543]
[5544]
[5545]
[5546, 5547]
[5547, 5548]
[5548, 5549]
[5549, 5550, 5551]
[5550]
[5551, 5552, 5553]
[5552, 5554]
[5553]
[5554, 5555]
[5555]
[5556]
[5557]
[5558, 5559]
[5559, 5560]
[5560, 5561]
[5561, 5562]
[5562, 5563, 5565]
[5563, 5564]
[5564]
[5565]
[5566]
[5567, 5568]
[5568, 5569]
[5569]
[5570, 5571, 5572]
[5571, 5573, 5575]
[5572, 5578]
[5573, 5574]
[5574, 5576]
[5575, 5579, 5585]
[5576, 5577, 5582]
[5577, 5580]
[5578]
[5579, 5581, 5583]
[5580, 5587, 5588]
[5581, 5584]
[5582, 5586]
[5583, 5584]
[5584]
[5585, 5589]
[5586]
[5587, 5591, 5597]
[5588, 5590]
[5589, 5593]
[5590, 5592, 5594]
[5591, 5596, 5598]
[5592, 5594]
[5593, 5595]
[5594]
[5595, 5600]
[5596, 5601, 5604]
[5597, 5599]
[5598, 5605, 5607]
[5599, 5602, 5603]
[5600]
[5601, 5608]
[5602, 5606]
[5603, 5604, 5606]
[5604]
[5605]
[5606]
[5607, 5609, 5611]
[5608, 5610, 5612]
[5609]
[5610]
[5611]
[5612, 5613]
[5613, 5614, 5615]
[5614, 5616]
[5615, 5617]
[5616]
[5617]
[5618, 5619, 5620]
[5619, 5621]
[5620, 5622]
[5621, 5623]
[5622]
[5623]
[5624, 5625]
[5625, 5626]
[5626, 5627]
[5627, 5628]
[5628, 5629]
[5629, 5630]
[5630, 5631]
[5631, 5632]
[5632, 5633]
[5633, 5634]
[5634, 5635]
[5635, 5636]
[5636]
[5637, 5638]
[5638, 5639]
[5639]
[5640]
[5641]
[5642]
[5643, 5644]
[5644, 5645, 5648]
[5645, 5646]
[5646, 5647]
[5647, 5649]
[5648]
[5649, 5650]
[5650, 5651]
[5651, 5652]
[5652]
[5653, 5654]
[5654, 5655]
[5655, 5656]
[5656]
[5657, 5658, 5659]
[5658, 5660]
[5659]
[5660, 5661, 5663]
[5661, 5662]
[5662, 5664]
[5663]
[5664]
[5665]
[5666, 5667]
[5667]
[5668]
[5669, 5670]
[5670]
[5671, 5672]
[5672]
[5673]
[5674, 5675]
[5675]
[5676, 5677, 5678]
[5677, 5679]
[5678, 5682]
[5679, 5680, 5681]
[5680, 5683]
[5681, 5684]
[5682]
[5683]
[5684, 5685]
[5685, 5686]
[5686]
[5687, 5688]
[5688, 5689]
[5689, 5690, 5694]
[5690, 5691]
[5691, 5692]
[5692, 5693]
[5693, 5695]
[5694, 5697]
[5695, 5696]
[5696, 5698]
[5697]
[5698]
[5699]
[5700]
[5701, 5702]
[5702, 5703]
[5703, 5704]
[5704]
[5705, 5706]
[5706, 5707]
[5707]
[5708, 5709]
[5709, 5710]
[5710]
[5711, 5712]
[5712, 5713]
[5713]
[5714]
[5715, 5716, 5717]
[5716]
[5717]
[5718, 5719]
[5719, 5720]
[5720]
[5721, 5722, 5723]
[5722, 5724]
[5723, 5725]
[5724]
[5725, 5726, 5731]
[5726, 5727, 5732]
[5727, 5728, 5729]
[5728, 5729]
[5729, 5730]
[5730]
[5731, 5733]
[5732, 5737]
[5733, 5734]
[5734, 5735]
[5735, 5736]
[5736, 5738]
[5737, 5739, 5740]
[5738, 5743]
[5739, 5741]
[5740, 5742]
[5741]
[5742]
[5743, 5744]
[5744, 5745, 5747]
[5745, 5746, 5748]
[5746]
[5747, 5749]
[5748, 5750]
[5749, 5751]
[5750]
[5751, 5752]
[5752, 5753]
[5753, 5754]
[5754, 5755]
[5755, 5756]
[5756, 5757]
[5757]
[5758]
[5759, 5760]
[5760, 5761]
[5761, 5762]
[5762, 5763]
[5763, 5764]
[5764]
[5765, 5766, 5767]
[5766]
[5767]
[5768, 5769]
[5769, 5770]
[5770, 5771]
[5771]
[5772]
[5773]
[5774]
[5775, 5776]
[5776, 5777]
[5777]
[5778, 5779, 5780]
[5779, 5781]
[5780, 5781]
[5781]
[5782]
[5783]
[5784]
[5785, 5786, 5787, 5789]
[5786, 5788]
[5787, 5788]
[5788]
[5789, 5790, 5791]
[5790]
[5791, 5792]
[5792, 5793, 5794]
[5793, 5795]
[5794]
[5795]
[5796, 5797]
[5797, 5798]
[5798, 5799]
[5799, 5800]
[5800, 5801]
[5801, 5802]
[5802, 5803]
[5803, 5804]
[5804, 5805]
[5805, 5806]
[5806, 5807]
[5807, 5808]
[5808, 5809]
[5809, 5810]
[5810, 5811]
[5811, 5812]
[5812, 5813]
[5813, 5814]
[5814, 5815]
[5815, 5816]
[5816, 5817]
[5817]
[5818]
[5819, 5820]
[5820]
[5821, 5822]
[5822, 5823]
[5823, 5824]
[5824, 5825]
[5825]
[5826, 5827, 5830]
[5827, 5828]
[5828, 5829]
[5829, 5832]
[5830, 5831]
[5831]
[5832, 5833]
[5833, 5834]
[5834]
[5835, 5836]
[5836]
[5837]
[5838, 5839]
[5839]
[5840, 5841]
[5841, 5842]
[5842]
[5843, 5844, 5845, 5846]
[5844, 5848]
[5845, 5847]
[5846, 5847, 5849]
[5847]
[5848, 5850]
[5849, 5851, 5853]
[5850, 5852]
[5851]
[5852, 5854]
[5853, 5855]
[5854, 5855]
[5855, 5856]
[5856]
[5857, 5858]
[5858, 5859]
[5859, 5860, 5861]
[5860]
[5861, 5862]
[5862, 5863]
[5863]
[5864, 5865]
[5865]
[5866, 5867]
[5867, 5868]
[5868, 5869, 5872]
[5869, 5870, 5871]
[5870, 5871]
[5871]
[5872]
[5873, 5874, 5875, 5876]
[5874, 5877]
[5875]
[5876, 5878]
[5877]
[5878]
[5879, 5880]
[5880, 5881]
[5881]
[5882, 5883]
[5883]
[5884]
[5885]
[5886, 5887]
[5887, 5888, 5889]
[5888]
[5889]
[5890]
[5891]
[5892]
[5893]
[5894]
[5895]
[5896, 5897]
[5897]
[5898, 5899]
[5899]
[5900]
[5901, 5902]
[5902, 5903]
[5903, 5904]
[5904]
[5905, 5906]
[5906, 5907]
[5907]
[5908]
[5909, 5910]
[5910, 5911]
[5911, 5912]
[5912]
[5913]
[5914, 5915]
[5915]
[5916, 5917]
[5917, 5918, 5919]
[5918, 5920]
[5919, 5921]
[5920, 5921]
[5921]
[5922, 5923]
[5923, 5924, 5925]
[5924, 5926, 5927]
[5925, 5928, 5929]
[5926, 5930, 5942]
[5927, 5931]
[5928, 5932, 5933]
[5929]
[5930, 5934, 5935]
[5931, 5932]
[5932]
[5933, 5938]
[5934, 5936, 5943]
[5935, 5937]
[5936]
[5937, 5939]
[5938, 5940, 5941]
[5939, 5940]
[5940]
[5941]
[5942]
[5943, 5944]
[5944]
[5945, 5946]
[5946, 5947]
[5947, 5948]
[5948]
[5949, 5950]
[5950, 5951]
[5951, 5952]
[5952]
[5953, 5954, 5955]
[5954, 5956]
[5955, 5958]
[5956, 5957, 5960]
[5957, 5961]
[5958, 5959]
[5959, 5969]
[5960, 5962, 5966]
[5961, 5963, 5964]
[5962]
[5963, 5965]
[5964, 5968, 5971, 5976]
[5965, 5967]
[5966]
[5967, 5970]
[5968, 5972]
[5969]
[5970]
[5971, 5973, 5975]
[5972, 5977]
[5973, 5974]
[5974]
[5975, 5979, 5984]
[5976, 5978, 5985]
[5977, 5980]
[5978, 5983]
[5979, 5981]
[5980, 5981]
[5981, 5982]
[5982]
[5983]
[5984, 5985]
[5985]
[5986, 5987]
[5987]
[5988]
[5989]
[5990]
[5991]
[5992]
[5993, 5994]
[5994, 5995]
[5995, 5997, 6002]
[5997, 5998]
[5998, 6000]
[5999, 6001]
[6000, 6003, 6004]
[6001]
[6002, 6007, 6021]
[6003]
[6004, 6005]
[6005, 6006]
[6006, 6008, 6009]
[6007, 6012, 6014]
[6008]
[6009, 6010]
[6010, 6011]
[6011, 6013, 6015]
[6012]
[6013, 6017, 6019]
[6014, 6016, 6026]
[6015]
[6016, 6018, 6022]
[6017]
[6018, 6023, 6025]
[6019, 6020]
[6020, 6024]
[6021, 6033]
[6022]
[6023, 6024, 6027]
[6024, 6029]
[6025]
[6026, 6028]
[6027]
[6028, 6030, 6031]
[6029, 6032, 6050]
[6030, 6034, 6036]
[6031, 6038]
[6032, 6035, 6037]
[6033, 6038, 6042]
[6034, 6040]
[6035, 6041, 6046]
[6036, 6045, 6051]
[6037]
[6038, 6039]
[6039, 6043, 6044]
[6040, 6042]
[6041, 6047, 6048]
[6042, 6051]
[6043]
[6044]
[6045, 6050, 6055]
[6046]
[6047, 6049, 6061]
[6048]
[6049, 6053]
[6050, 6052]
[6051, 6055]
[6052, 6054, 6062]
[6053]
[6054, 6056]
[6055, 6062]
[6056, 6057]
[6057, 6058, 6059]
[6058, 6063]
[6059, 6060]
[6060, 6064, 6065]
[6061, 6064, 6067]
[6062, 6068]
[6063, 6068]
[6064]
[6065, 6066]
[6066]
[6067, 6069, 6070]
[6068]
[6069, 6071, 6072]
[6070, 6072]
[6071, 6074]
[6072, 6073]
[6073]
[6074, 6075]
[6075, 6076]
[6076]
[6077]
[6078, 6079]
[6079, 6080]
[6080, 6081]
[6081, 6082]
[6082]
[6083, 6084, 6085, 6087]
[6084]
[6085, 6086, 6089]
[6086]
[6087, 6088, 6090]
[6088, 6093]
[6089, 6091]
[6090, 6092]
[6091, 6092]
[6092]
[6093, 6094]
[6094, 6095, 6096]
[6095, 6096]
[6096]
[6097, 6098]
[6098, 6099]
[6099, 6100]
[6100, 6101]
[6101, 6102]
[6102]
[6103]
[6104]
