0 1
0 2
1 3
2 5
3 4
4 6
5 7
6 8
6 9
7 11
8 10
9 21
10 12
10 13
11 37
12 14
12 16
13 17
14 15
14 18
15 19
15 23
16 18
16 20
17 24
18 23
19 22
19 30
20 25
20 31
21 27
22 29
22 36
23 26
24 28
24 40
25 32
25 38
26 30
26 31
27 33
28 35
28 43
29 34
29 41
30 36
31 38
32 44
33 66
34 35
34 39
35 47
36 41
37 50
38 44
39 46
39 48
40 42
40 43
41 46
42 45
43 52
46 51
47 49
48 49
49 51
50 54
50 59
51 52
51 53
53 55
54 56
55 57
56 58
57 60
58 62
59 61
59 63
61 64
62 65
64 67
65 68
65 69
66 74
66 78
66 82
67 77
68 72
68 83
69 70
70 71
71 73
72 76
73 75
74 80
74 92
74 96
75 79
76 81
77 85
78 828
79 86
79 87
80 89
81 84
82 713
83 88
83 98
84 93
85 91
85 102
85 2567
86 95
87 103
87 5985
88 90
88 94
89 110
90 100
91 99
92 104
93 101
93 113
94 97
94 107
96 105
97 106
98 114
99 5979
99 5984
101 116
101 5430
102 109
103 111
103 5988
104 2685
105 108
105 2549
106 5992
107 113
107 117
108 112
108 2641
109 2565
110 2501
112 115
113 5962
115 2648
116 5448
117 5983
118 119
118 121
119 120
119 122
120 124
121 123
122 127
123 125
124 138
125 126
126 128
126 129
126 130
127 201
128 134
129 184
130 131
130 132
130 133
131 146
132 135
133 140
134 136
134 139
135 142
136 137
136 143
137 141
138 590
139 144
139 159
140 145
140 147
141 153
142 151
142 157
143 149
144 156
145 148
146 160
147 158
148 150
148 152
149 154
150 155
151 161
152 155
153 163
154 170
157 169
158 166
158 178
159 162
159 164
160 165
161 168
161 172
162 190
162 194
163 175
164 167
164 177
165 171
165 179
166 176
167 173
168 170
168 175
169 174
171 189
171 197
172 182
172 183
173 180
174 179
174 195
176 181
178 196
178 4941
180 185
181 189
182 187
182 188
183 186
183 200
184 236
185 191
185 203
186 202
186 209
187 192
188 192
190 193
190 208
191 199
191 205
193 215
194 227
194 3505
196 198
197 204
197 207
198 218
199 211
199 216
200 210
201 480
202 220
203 228
204 206
204 219
205 214
206 3755
207 212
208 230
209 217
209 223
209 3843
210 213
211 226
212 224
213 222
213 232
214 3518
215 3510
216 221
216 225
217 3849
218 5804
219 229
219 5837
220 3924
221 231
222 3688
222 3692
223 235
224 233
225 231
226 3513
227 3452
228 3841
228 3924
229 3711
230 3500
232 3688
233 234
234 4939
234 5795
235 3692
235 3861
236 237
237 238
238 239
238 240
238 242
239 270
240 241
240 243
240 244
241 245
242 253
242 254
242 256
243 247
243 248
244 249
244 252
245 246
245 250
246 283
247 251
247 258
248 261
249 258
249 274
250 255
250 260
251 267
253 292
254 257
254 280
255 262
255 277
256 265
256 3816
257 259
257 298
258 263
258 294
259 278
260 266
261 269
262 264
262 272
263 267
263 276
264 268
268 271
268 279
269 273
269 276
270 309
270 591
271 275
272 279
273 281
273 289
275 282
275 286
276 285
277 284
277 300
278 288
278 296
281 290
282 287
282 307
283 293
284 295
284 297
285 291
285 345
286 287
288 308
289 302
290 326
290 337
290 5897
291 305
292 306
293 299
294 304
295 312
296 311
296 320
297 303
298 310
299 301
299 319
299 329
300 312
300 327
301 341
302 318
302 5896
303 315
304 313
305 316
306 328
306 334
306 335
307 314
308 317
308 332
309 592
311 325
313 663
313 4284
314 323
315 331
316 324
317 352
318 321
318 322
319 323
320 343
321 322
323 347
324 330
324 333
324 340
325 338
326 339
326 346
327 336
328 3879
328 3889
329 3702
330 342
330 350
331 2142
331 3721
332 4336
333 349
334 3860
335 4233
336 347
337 351
338 4344
339 2072
340 344
340 350
341 348
342 353
343 4231
343 4344
345 685
345 5896
346 2085
347 3720
348 3829
348 3863
349 5890
351 2096
351 2145
352 4246
352 4269
353 685
354 355
355 356
355 358
355 375
356 357
357 379
358 359
358 362
358 366
359 360
359 361
360 364
361 380
362 363
362 370
363 365
363 368
364 372
364 384
365 367
366 393
367 369
367 371
368 378
368 383
369 373
369 374
370 386
371 374
371 376
372 377
372 399
372 400
373 381
373 387
374 383
377 415
378 407
379 448
380 385
380 389
381 382
382 391
382 396
383 392
384 388
384 412
385 394
385 415
386 390
386 403
387 391
387 392
388 406
388 408
390 395
390 404
391 398
391 410
392 398
393 1066
395 422
396 397
396 412
397 401
398 418
399 409
400 402
401 405
401 413
402 411
404 431
404 449
405 416
406 409
406 443
407 430
407 2781
408 420
408 435
409 450
410 417
411 414
412 419
413 421
414 3279
415 423
416 429
417 464
418 428
418 2781
419 424
420 440
420 456
421 425
422 465
422 2918
423 427
424 426
424 433
425 451
425 452
426 442
427 437
428 432
428 439
429 3102
431 434
431 436
432 441
432 446
434 438
435 454
435 3087
436 438
437 444
439 447
441 455
441 457
442 445
442 453
444 2826
445 470
446 460
446 463
447 458
448 469
448 3241
448 4175
449 2848
449 2907
449 2918
451 466
452 461
452 2924
454 459
455 462
456 459
458 460
459 3075
461 3330
462 467
462 471
463 3052
464 468
464 3329
465 2884
466 3129
466 3175
468 3179
468 3330
469 590
470 2923
471 2792
472 473
472 475
473 474
474 476
475 477
476 478
477 480
478 479
479 481
479 482
479 491
481 488
482 483
482 484
483 485
484 489
485 486
486 487
487 490
488 494
488 497
489 492
490 493
491 535
492 496
492 515
493 495
494 501
495 498
496 502
497 499
497 512
498 519
499 500
500 503
501 506
501 507
501 516
502 520
502 523
503 504
504 505
505 509
506 537
507 508
507 510
508 511
509 513
510 517
511 521
512 516
512 528
512 536
513 514
514 531
514 545
515 518
517 525
518 527
518 539
519 522
519 530
520 530
521 524
522 526
523 532
524 566
525 529
526 564
528 533
529 542
530 538
530 555
531 536
531 549
532 540
533 534
533 547
534 558
534 559
535 591
536 556
536 582
537 543
538 541
538 557
539 575
540 560
541 554
541 567
542 544
543 546
544 552
545 548
545 551
546 553
547 4120
548 550
548 551
549 565
552 4112
553 577
554 3947
555 581
556 569
556 580
558 561
559 562
560 563
561 568
561 571
563 570
563 572
564 583
564 5782
566 589
566 3990
566 4332
567 578
568 574
569 573
569 576
570 587
570 5773
571 2221
571 4126
572 3663
573 576
574 579
575 4002
575 5732
575 5761
577 588
577 3988
578 584
580 585
581 3907
581 3914
582 3994
582 4116
583 3991
584 586
585 4141
586 3955
589 4113
592 593
593 594
593 595
593 631
594 596
594 610
595 597
596 598
596 599
597 601
597 604
597 621
598 600
599 602
599 603
601 606
602 605
603 609
604 608
604 613
605 607
606 623
607 614
607 616
608 612
610 611
610 619
611 618
611 663
612 615
614 620
615 617
616 626
616 635
617 622
618 625
619 643
620 635
620 652
621 627
621 630
622 628
623 624
623 632
624 640
624 641
625 626
625 634
625 639
627 629
627 667
629 636
629 637
630 644
631 710
632 633
632 638
633 642
634 646
635 656
635 662
636 645
637 669
638 642
639 648
640 649
640 650
641 647
643 655
644 649
644 659
645 653
645 698
646 651
648 656
650 672
650 673
651 654
652 657
652 662
652 668
653 661
653 5899
654 658
655 676
655 681
656 660
657 690
657 704
657 705
658 670
659 664
660 666
661 674
661 678
662 677
662 682
663 687
664 665
666 671
666 682
667 701
668 675
668 691
669 686
670 680
671 679
672 4295
672 5905
673 683
673 706
674 703
674 5915
675 693
676 702
676 4286
677 689
677 705
678 686
678 692
679 5896
680 685
680 688
681 4284
681 4289
682 684
683 696
684 2135
684 5897
686 697
686 700
687 688
689 695
689 695
690 1401
691 1395
691 1407
691 5856
692 694
693 5852
694 699
696 707
697 5860
698 1067
698 5899
700 708
701 1067
701 1115
703 1094
703 1132
703 5858
704 1379
704 1392
705 2114
706 5912
707 5879
708 709
710 711
711 712
711 713
712 714
714 715
714 720
714 731
715 716
715 719
716 717
717 718
718 721
718 746
719 728
720 724
720 726
721 722
721 737
722 723
723 725
723 734
724 727
724 738
725 730
726 733
727 736
728 729
729 732
729 735
730 739
731 803
732 753
733 765
734 743
734 747
735 741
736 740
736 755
736 790
737 743
737 751
737 752
739 777
740 742
741 744
742 745
743 758
744 749
744 789
745 748
746 779
747 759
747 763
748 750
749 754
749 756
750 760
751 762
752 758
752 770
753 757
754 761
754 764
754 772
755 769
755 805
756 795
756 820
757 766
757 780
758 768
759 771
759 775
760 773
761 770
762 764
763 767
763 806
765 774
765 788
766 783
766 789
767 776
767 797
768 775
768 784
769 788
769 804
770 793
770 798
771 776
772 778
772 802
773 782
774 813
775 785
776 786
777 781
777 787
778 791
779 809
781 796
782 792
782 2683
782 2684
783 794
784 785
784 793
784 801
785 807
786 812
787 5215
788 1415
789 825
790 810
791 798
792 809
794 800
795 1716
796 799
797 812
797 815
798 811
799 808
799 814
800 821
801 807
801 4956
802 827
802 4974
803 831
804 2636
805 2639
806 817
807 826
808 819
809 5203
810 2524
810 2619
810 2702
811 4974
812 822
813 2631
814 816
814 818
815 824
816 823
817 5156
818 823
819 5181
820 827
820 1709
821 2633
822 5699
824 904
824 5718
825 1711
825 1713
826 4953
827 1717
827 4973
829 830
829 831
830 833
831 832
831 836
831 837
832 834
833 839
833 841
833 947
834 835
835 843
835 869
836 840
836 846
837 838
837 845
838 842
839 847
839 853
840 844
840 851
841 857
841 890
842 852
843 860
844 856
844 859
845 866
845 894
846 848
847 855
848 849
849 850
851 870
851 874
852 862
853 854
854 858
854 941
855 865
855 879
856 872
857 878
857 892
858 863
858 867
859 861
860 893
861 864
862 868
863 871
865 876
866 880
866 893
867 879
868 886
869 877
869 911
870 873
871 882
871 884
872 887
872 889
872 903
874 875
875 883
876 881
877 919
879 885
880 897
881 888
882 900
883 887
884 898
884 923
885 923
885 938
886 899
886 904
886 926
888 891
889 895
889 5660
890 902
890 917
891 896
893 901
894 918
894 920
895 909
895 915
897 906
897 912
898 913
899 932
900 907
900 937
901 905
901 908
902 925
902 935
903 910
905 927
906 912
906 936
907 1556
908 934
909 5622
910 916
911 944
911 5527
912 914
913 924
914 5115
915 940
915 5659
916 922
917 4945
917 4952
918 928
918 5201
919 921
919 930
919 5668
920 929
920 931
921 5682
922 939
924 1549
924 5672
925 4952
925 4977
926 5619
927 5665
928 945
928 5642
929 5675
930 5600
931 933
932 946
933 943
934 5615
935 4978
935 5637
935 5639
936 5700
938 942
939 5662
939 5694
940 4978
940 5639
941 4717
941 5636
942 5498
942 5519
944 5640
944 5688
945 5556
946 5707
946 5717
947 948
948 949
949 950
949 951
949 953
950 952
951 959
951 977
952 956
952 957
953 954
953 963
953 1065
954 955
955 958
955 970
956 960
957 967
957 969
958 962
958 968
959 961
959 965
960 966
961 962
963 964
964 967
964 978
965 976
965 985
966 973
967 971
969 975
971 972
971 993
972 986
973 974
973 988
973 997
974 1006
975 979
976 980
977 982
977 995
977 1003
978 984
978 993
979 981
979 990
980 983
981 987
981 990
982 1044
983 989
984 1051
985 1008
985 1009
986 991
986 1019
987 996
988 998
988 1018
989 994
990 992
990 1012
991 996
992 1002
993 1010
994 1021
995 999
995 1000
996 1005
997 1007
998 1001
998 1002
999 1040
1000 1004
1001 1015
1001 1033
1003 1009
1003 1034
1004 1037
1005 1014
1005 1023
1006 1013
1006 1018
1007 1011
1008 1032
1009 1020
1010 1017
1011 1016
1011 1029
1013 1022
1013 1038
1014 1024
1015 1025
1016 1026
1018 1033
1020 1028
1020 1054
1022 1027
1023 1042
1024 1025
1024 3310
1025 1045
1026 1030
1027 1036
1027 1046
1027 1052
1028 1053
1029 1031
1030 1043
1031 1035
1032 1056
1033 1046
1035 1039
1036 1050
1037 1063
1038 1048
1039 1041
1040 1047
1041 1043
1044 1876
1045 1064
1045 3312
1046 1049
1048 1061
1049 1055
1050 2457
1050 2964
1050 3449
1051 1060
1051 3332
1052 1061
1052 3313
1053 4675
1054 4676
1054 4681
1055 1057
1055 1059
1057 1058
1057 1062
1058 3449
1059 3450
1060 3186
1060 3309
1061 2468
1062 2976
1063 4712
1064 3324
1064 3451
1065 1066
1067 1068
1067 1070
1068 1069
1068 1075
1069 1072
1069 1073
1070 1071
1071 1073
1071 1074
1072 1078
1073 1077
1074 1076
1074 1080
1075 1078
1075 1079
1076 1081
1076 1089
1077 1082
1077 1084
1078 1095
1079 1085
1079 1100
1079 1115
1080 1086
1080 1092
1081 1087
1081 1096
1082 1083
1083 1088
1084 1090
1084 1095
1085 1097
1086 1091
1087 1094
1088 1090
1091 1093
1092 1099
1092 1103
1094 1098
1095 1103
1096 1101
1096 1105
1097 1108
1098 1106
1098 1109
1099 1104
1100 1102
1100 1111
1102 1113
1102 1126
1103 1107
1103 1125
1104 1112
1105 1110
1107 1140
1108 1116
1109 1114
1109 1132
1111 1118
1111 1131
1112 1128
1112 1151
1113 1119
1113 1121
1114 1123
1114 1129
1115 1143
1116 1117
1117 1124
1117 1133
1118 1120
1118 1127
1119 1122
1120 1143
1120 1146
1121 1138
1122 1130
1124 5993
1125 1152
1125 1167
1126 1148
1126 1155
1127 1136
1128 1134
1128 1144
1129 1147
1129 1158
1130 1149
1130 1160
1131 1135
1132 1170
1133 1139
1134 1152
1135 1137
1138 1142
1139 1141
1141 1145
1141 1149
1142 1155
1142 1160
1143 1161
1144 1172
1144 1182
1145 1154
1145 1157
1147 1150
1148 1153
1148 1174
1149 1157
1150 1172
1150 1442
1151 1172
1152 1156
1153 1159
1154 1163
1154 1164
1155 6081
1156 1166
1156 1173
1157 1164
1158 1170
1158 1178
1159 1162
1162 1168
1163 1169
1163 1171
1164 1165
1165 1171
1166 1175
1168 5909
1169 1176
1169 1177
1170 1430
1170 1521
1171 1177
1173 1179
1174 4327
1174 5867
1175 1180
1175 5885
1176 1181
1176 1183
1177 1181
1179 1184
1179 5901
1180 5883
1181 5877
1182 1449
1182 1533
1183 5874
1183 5878
1184 5865
1185 1186
1185 1187
1185 1188
1185 1197
1186 1190
1186 1203
1187 1191
1188 1189
1188 1200
1189 1192
1189 1194
1190 1193
1191 1204
1191 1209
1191 1216
1192 1207
1193 1195
1193 1201
1194 1199
1195 1196
1196 1198
1196 1202
1197 1203
1197 1209
1197 1217
1198 1206
1199 1205
1200 1205
1200 1216
1201 1215
1201 1218
1202 1208
1203 1218
1204 1222
1204 1224
1205 1212
1206 1211
1206 1215
1207 1213
1208 1210
1209 1222
1210 1214
1212 1213
1213 1220
1214 1221
1215 1219
1216 1229
1216 1262
1217 1230
1217 1245
1217 1249
1218 1232
1219 1240
1220 1223
1220 1285
1221 1225
1222 1245
1222 1291
1223 1226
1224 1227
1224 1234
1225 1228
1225 1239
1226 1233
1227 1231
1228 1233
1228 1241
1229 1234
1229 1236
1230 1235
1230 1242
1231 1251
1232 1237
1232 1238
1234 1264
1235 1252
1235 1301
1236 1296
1237 1244
1237 1249
1238 1240
1239 1246
1239 1247
1240 1254
1241 1248
1242 1243
1243 1250
1245 1267
1246 1253
1247 1256
1248 1268
1249 1255
1250 1255
1251 1269
1252 1259
1252 1282
1253 1257
1253 1260
1254 1261
1256 1258
1256 1260
1256 1263
1257 1265
1257 1271
1258 1275
1259 1273
1261 1266
1262 1276
1262 1290
1263 1270
1264 1286
1265 1274
1266 1272
1266 1275
1267 1280
1267 1297
1267 1314
1268 1277
1269 1299
1270 1279
1270 1284
1270 1287
1271 4963
1272 1288
1272 1294
1272 1601
1273 1283
1274 1284
1274 1293
1274 1298
1275 1278
1276 1285
1277 1281
1277 4969
1278 1287
1279 1298
1280 1300
1281 2108
1281 5893
1282 1300
1283 1289
1285 1292
1286 1399
1286 1401
1287 1557
1288 1295
1289 1302
1289 5884
1290 1296
1290 2078
1290 5889
1291 1370
1291 1381
1292 2073
1292 5893
1293 4963
1294 1557
1294 1605
1295 1688
1296 5886
1297 1305
1297 5884
1298 1558
1299 1383
1301 1348
1301 1700
1302 1316
1303 1304
1303 1305
1303 1307
1303 1309
1304 1310
1305 1306
1306 1308
1307 1309
1307 1311
1307 1312
1308 1311
1309 1315
1310 1314
1311 1316
1312 1313
1312 1317
1312 1319
1313 1318
1315 1321
1315 1322
1317 1324
1318 1320
1319 1323
1320 1325
1321 1327
1322 1326
1322 1331
1323 1328
1324 1329
1324 1330
1325 1334
1326 1332
1326 1349
1327 1333
1328 1344
1328 1348
1329 1330
1329 1335
1330 1336
1330 1337
1331 1338
1332 1342
1333 1340
1333 1354
1334 1341
1335 1347
1336 1339
1336 1350
1338 1345
1339 1343
1339 1350
1340 1345
1341 1346
1342 1360
1343 1356
1344 1355
1344 1365
1346 1359
1347 1355
1349 1351
1349 1368
1350 1352
1351 1353
1351 1379
1353 1357
1353 1364
1354 1358
1354 1366
1354 1370
1355 1363
1355 1376
1356 1362
1357 1361
1358 1371
1359 1380
1360 1364
1361 1389
1362 1369
1363 1367
1364 1382
1366 1375
1366 1381
1366 1401
1367 1373
1368 1371
1368 1374
1369 1372
1372 1378
1372 1387
1374 1392
1375 1377
1377 1386
1378 1390
1379 1395
1380 1385
1381 1383
1382 1384
1383 1399
1384 1388
1384 1396
1385 1388
1386 1392
1387 1393
1388 1402
1389 1391
1391 1394
1392 1406
1393 1398
1393 1400
1393 1403
1394 1397
1394 1407
1394 1409
1397 1413
1398 1404
1400 1405
1402 1408
1403 1405
1403 1415
1404 1417
1405 1500
1406 1411
1407 1416
1408 1410
1408 1412
1409 1414
1410 1420
1412 5891
1414 1418
1415 1419
1415 5892
1416 5851
1417 1491
1418 5891
1419 2696
1420 1487
1421 1422
1421 1423
1421 1425
1421 1426
1422 1424
1423 1424
1424 1427
1426 1428
1428 1429
1428 1430
1429 1431
1429 1432
1430 1433
1431 1436
1431 1443
1432 1437
1432 1446
1433 1434
1434 1435
1436 1441
1436 1448
1437 1438
1437 1442
1438 1439
1438 1440
1441 1444
1442 1449
1442 1459
1443 1446
1443 1448
1444 1445
1444 1460
1445 1447
1446 1450
1447 1454
1447 1458
1448 1451
1449 1452
1450 1459
1451 1455
1451 1457
1452 1453
1453 1456
1455 1460
1457 1464
1458 1461
1458 1468
1458 1491
1459 1465
1460 1462
1461 1471
1462 1463
1462 1490
1463 1466
1464 1477
1465 1467
1465 1507
1466 1469
1467 1476
1468 1470
1468 1479
1469 1472
1470 1473
1470 1478
1471 1475
1471 1480
1472 1474
1473 1482
1476 1486
1478 1481
1479 1483
1480 1487
1480 1489
1482 1484
1484 1485
1485 1488
1486 1492
1487 1493
1489 1506
1490 1494
1490 1496
1492 1498
1492 1505
1492 1512
1493 1509
1494 1495
1496 1497
1496 1500
1496 1510
1497 1499
1498 1501
1498 1502
1498 1503
1499 1520
1501 1504
1502 1508
1503 1511
1504 1518
1506 1521
1506 1528
1506 1529
1507 1517
1507 1526
1508 1515
1509 1514
1510 2694
1511 1513
1511 1538
1512 1519
1513 1525
1514 1516
1515 1532
1516 1534
1517 1523
1518 1524
1520 1522
1521 5861
1522 1530
1522 2704
1523 1527
1523 2660
1524 1533
1525 1536
1525 5894
1525 5895
1526 2651
1526 2661
1526 2665
1527 2653
1529 1531
1530 1535
1530 1537
1533 5913
1534 5860
1534 5908
1535 2697
1536 5883
1536 5900
1537 2699
1539 1540
1539 1542
1539 1544
1539 1545
1540 1541
1541 1547
1542 1543
1542 1551
1544 1546
1545 1548
1546 1549
1549 1550
1550 1552
1551 1554
1552 1553
1553 1555
1555 1556
1557 1558
1557 1562
1558 1559
1558 1563
1559 1560
1559 1561
1560 1564
1561 1570
1562 1565
1563 1568
1564 1567
1565 1566
1565 1569
1566 1574
1566 1591
1567 1571
1568 1575
1569 1571
1569 1572
1569 1589
1570 1576
1570 1579
1570 1582
1571 1577
1571 1579
1571 1587
1572 1573
1572 1586
1573 1577
1573 1578
1575 1585
1576 1583
1577 1588
1578 1580
1578 1595
1580 1581
1580 1588
1581 1584
1582 1594
1582 1599
1582 1610
1582 1612
1583 1590
1584 1592
1584 1597
1585 1590
1586 1593
1586 1596
1587 1588
1587 1599
1587 1617
1588 1655
1589 1596
1589 1614
1590 1594
1590 1628
1591 1601
1591 1603
1591 1605
1592 1598
1593 1595
1593 1600
1596 1600
1596 1602
1597 1606
1597 1607
1598 1608
1600 1607
1600 1609
1601 1604
1601 1631
1602 1609
1602 1616
1603 1615
1604 1611
1606 1613
1607 1619
1607 1624
1608 1620
1609 1622
1610 1612
1610 1642
1611 1618
1612 1629
1612 1638
1613 1621
1614 1627
1615 1631
1616 1622
1616 1625
1617 1640
1618 1643
1619 1632
1619 1646
1620 1623
1620 1634
1621 1626
1621 1630
1622 1632
1623 1651
1623 1655
1624 1630
1625 1627
1626 1634
1626 1635
1626 1637
1627 1636
1628 1629
1629 1633
1629 1649
1630 1639
1631 1650
1631 1706
1632 1660
1633 4883
1635 1641
1635 1661
1636 1647
1636 1648
1637 1644
1638 1658
1638 1663
1638 4893
1639 1646
1640 1653
1641 1645
1642 1657
1643 1676
1643 1689
1644 1662
1644 1669
1645 1652
1645 1667
1646 1656
1647 1660
1648 1666
1648 1670
1649 1674
1650 1689
1651 1654
1651 1672
1652 1772
1653 1657
1654 1665
1655 1659
1656 1671
1657 2495
1657 2500
1657 4898
1658 4898
1659 1664
1660 1668
1661 1672
1662 4942
1663 4888
1663 4979
1664 2496
1664 4960
1665 2475
1665 2487
1666 1673
1666 4975
1667 1751
1668 4959
1668 4975
1669 1743
1669 4943
1670 1706
1670 1707
1671 4944
1671 4959
1672 1791
1673 1768
1674 4886
1674 4888
1675 1676
1675 1677
1675 1678
1675 1679
1676 1680
1677 1683
1677 1685
1677 1691
1678 1681
1678 1682
1678 1684
1679 1683
1679 1686
1679 1690
1680 1688
1681 1694
1682 1685
1683 1692
1683 1698
1684 1687
1684 1689
1685 1695
1685 1699
1686 1692
1687 1694
1688 1690
1689 1693
1691 1698
1691 1699
1691 1703
1692 1700
1692 1705
1693 1702
1694 1696
1695 1704
1695 1716
1696 1697
1696 1701
1697 1702
1698 1705
1698 1708
1699 1711
1701 1704
1702 1706
1703 1711
1703 1713
1704 1709
1705 1712
1705 1714
1706 1707
1707 1710
1707 1715
1709 1715
1710 1717
1710 1718
1711 1716
1713 1719
1714 1719
1715 1717
1717 1734
1718 1724
1718 1725
1719 1720
1720 1721
1721 1722
1722 1723
1724 1726
1724 1727
1725 1726
1725 1728
1726 1731
1727 1729
1727 1730
1728 1733
1728 1736
1729 1734
1729 1735
1730 1731
1730 1738
1731 1732
1732 1733
1732 1739
1732 1754
1733 1756
1734 1741
1734 1742
1735 1737
1735 1740
1736 1743
1736 1744
1736 1762
1737 1741
1737 1753
1738 1739
1738 1740
1739 1758
1740 1767
1741 1745
1741 1749
1742 1748
1742 1749
1744 1746
1744 1747
1745 1755
1746 1759
1747 1750
1747 1751
1748 1765
1749 1766
1750 1752
1751 1757
1752 1760
1753 1773
1754 1756
1754 1779
1755 4977
1756 1770
1757 1760
1758 1761
1758 1786
1759 1763
1759 1764
1759 1776
1760 1772
1761 1767
1761 1774
1762 1768
1763 1764
1763 2436
1764 1769
1764 1777
1765 1780
1765 1783
1765 1787
1766 1787
1767 1771
1769 1775
1770 1776
1771 1773
1772 1784
1773 1778
1774 1782
1775 1785
1777 1785
1777 2455
1778 1781
1779 1786
1780 4973
1781 1790
1781 4950
1782 1788
1783 4956
1784 1789
1784 1791
1785 1789
1787 4954
1788 1792
1789 2473
1790 4976
1791 2475
1792 4951
1793 1794
1793 1795
1793 1797
1793 1801
1794 1796
1794 1798
1795 1798
1796 1800
1797 1799
1798 1802
1799 1800
1799 1803
1801 1804
1802 1805
1802 1809
1803 1806
1803 1822
1804 1807
1804 1810
1805 1808
1805 1815
1806 1810
1807 1811
1807 1813
1808 1816
1808 1840
1809 1814
1809 1825
1809 1832
1810 1812
1811 1819
1812 1813
1812 1826
1813 1823
1814 1817
1814 1836
1816 1818
1816 1833
1817 1821
1818 1828
1818 1869
1819 1820
1819 1830
1820 1827
1821 1824
1822 1831
1823 1834
1823 1838
1825 1836
1825 1837
1826 1829
1826 1844
1827 1841
1827 1846
1828 1839
1828 1842
1830 1843
1831 1835
1831 1836
1832 1833
1832 1858
1833 1842
1834 1850
1834 1862
1835 1854
1835 1870
1836 1886
1837 1849
1837 1871
1838 1844
1838 1845
1839 1851
1839 1889
1840 1847
1840 1856
1841 1850
1843 1864
1845 1848
1846 1852
1846 1855
1846 1857
1847 1859
1847 1864
1848 1853
1849 1860
1849 1867
1850 1875
1851 1858
1852 1861
1854 1863
1854 1883
1855 1875
1856 1869
1856 1884
1857 1873
1857 1901
1858 1865
1860 1866
1861 1868
1862 1880
1863 1874
1863 1887
1864 1872
1865 1881
1865 1888
1866 1885
1867 1886
1867 1891
1867 1908
1868 1878
1869 1895
1870 1876
1871 1882
1872 1893
1872 1897
1873 1899
1874 1877
1875 4859
1876 1886
1876 1896
1877 1879
1878 1894
1879 1890
1881 1903
1881 1905
1882 1903
1883 1892
1887 1898
1887 4840
1888 1900
1889 3425
1889 4635
1890 1898
1891 4681
1891 4699
1892 4853
1893 1904
1894 1902
1894 1906
1895 1973
1895 4700
1896 4833
1896 4840
1897 1940
1897 1943
1899 1941
1901 1909
1902 4859
1903 4852
1904 1945
1904 4631
1905 1907
1906 4690
1907 1910
1908 3438
1908 4697
1909 1942
1911 1912
1911 1913
1911 1914
1911 1918
1912 1920
1912 1928
1913 1917
1913 1942
1914 1915
1915 1916
1915 1922
1916 1919
1918 1921
1919 1923
1920 1929
1921 1924
1921 1926
1922 1925
1922 1930
1923 1933
1924 1927
1924 1940
1925 1937
1926 1934
1926 1935
1927 1931
1927 1932
1929 1936
1930 1934
1930 1938
1932 1941
1932 1949
1933 1939
1934 1944
1934 1953
1935 1943
1936 1948
1938 1946
1941 1945
1942 1950
1943 1947
1944 1947
1944 1952
1945 1951
1948 1956
1950 1954
1953 1955
1953 1961
1953 1975
1954 1958
1955 1959
1956 1957
1956 1967
1957 1960
1958 1981
1959 1962
1960 1964
1960 1977
1961 1970
1962 1963
1962 1965
1963 1966
1964 1971
1965 1969
1966 1968
1967 1974
1968 1983
1969 1972
1970 1973
1970 1988
1971 1978
1971 1993
1972 1976
1972 1979
1973 1997
1974 1980
1974 1994
1974 2008
1975 4575
1976 1985
1976 1991
1977 1982
1977 1998
1978 1984
1978 1995
1978 2005
1979 1990
1980 4614
1981 2004
1981 2009
1982 2001
1983 1986
1984 1987
1985 1999
1985 2003
1986 1989
1987 2000
1987 2017
1988 1996
1988 2007
1989 1992
1990 2003
1991 2006
1991 2010
1993 2014
1993 2028
1994 4831
1995 2012
1995 2014
1996 2002
1997 4832
1998 4624
1999 2011
1999 2026
2000 2012
2000 2015
2000 4658
2001 4494
2002 2019
2002 2022
2003 4563
2004 4859
2005 2017
2006 2013
2006 2021
2007 2020
2007 2023
2007 2024
2008 2018
2008 4589
2009 2025
2009 4665
2011 2016
2014 4654
2015 4841
2015 4845
2016 2027
2016 4563
2018 4578
2018 4580
2019 4830
2022 4650
2023 4636
2023 4638
2025 4505
2026 4705
2027 3439
2027 4851
2028 4477
2028 4657
2029 2030
2029 2031
2029 2032
2029 2033
2030 2036
2031 2035
2032 2038
2033 2034
2033 2039
2034 2037
2035 2040
2035 2041
2036 2042
2036 2046
2037 2051
2038 2044
2039 2047
2039 2055
2040 2043
2041 2049
2041 2052
2042 2045
2043 2055
2043 2062
2044 2050
2044 2052
2044 2054
2045 2048
2045 2051
2046 2054
2047 2057
2047 2099
2048 2053
2048 2070
2049 2066
2049 2083
2050 2060
2051 2064
2051 2085
2052 2058
2053 2056
2054 2061
2055 2065
2055 2073
2056 2059
2057 2064
2057 2087
2058 2063
2059 2067
2060 2077
2061 2090
2062 2073
2062 2076
2063 2074
2064 2069
2065 2068
2065 2071
2066 2080
2066 2081
2067 2075
2068 2078
2069 2072
2070 2084
2071 2082
2072 2089
2074 2083
2074 2088
2075 2079
2075 2092
2075 2094
2076 2104
2077 2112
2078 2095
2079 3742
2080 2086
2080 2100
2081 2091
2081 2100
2082 2095
2083 2093
2083 2127
2084 2103
2085 2096
2086 2098
2087 2097
2088 2129
2089 2097
2090 2120
2091 2119
2091 2134
2092 2103
2092 2105
2093 2106
2094 2096
2094 2117
2095 2102
2097 2116
2099 2101
2099 2107
2100 2108
2100 2139
2101 2114
2101 2116
2102 2107
2103 2110
2104 2108
2105 2109
2105 2111
2106 2118
2106 2119
2109 2115
2110 2113
2110 2123
2111 2115
2112 2121
2113 2120
2114 5888
2116 2122
2117 2125
2117 2131
2118 2133
2119 5831
2120 2126
2121 2126
2121 2128
2122 2124
2124 2135
2125 2130
2126 2140
2127 2132
2128 2137
2129 2137
2130 2142
2131 2141
2131 2143
2132 2136
2132 2144
2133 2138
2134 5825
2134 5830
2136 4339
2137 2144
2138 4341
2138 5831
2139 4965
2139 5824
2140 2146
2140 3730
2141 4345
2142 2145
2143 3716
2143 3748
2146 3735
2146 3770
2147 2148
2147 2149
2147 2151
2147 2155
2148 2149
2148 2150
2149 2157
2150 2152
2151 2153
2152 2154
2152 2158
2153 2156
2154 2159
2155 2160
2156 2167
2156 2169
2157 2161
2157 2166
2158 2172
2158 2173
2159 2162
2159 2179
2160 2163
2161 2164
2161 2170
2162 2165
2162 2182
2163 2180
2163 2181
2163 2190
2164 2168
2165 2189
2166 2186
2166 2196
2167 2171
2167 2178
2168 2184
2170 2175
2170 2176
2171 2174
2173 2185
2173 2191
2174 2183
2175 2177
2176 2177
2178 2197
2178 2221
2179 2192
2179 2194
2179 2208
2180 2187
2181 2197
2182 2188
2182 2193
2184 2213
2185 2198
2186 2221
2187 2195
2188 2205
2189 2199
2189 2202
2190 2199
2190 6096
2191 2234
2192 2206
2192 2207
2193 2209
2193 2219
2195 2201
2196 2204
2196 2226
2197 2231
2198 2200
2199 2233
2200 2203
2201 2216
2202 2212
2202 2214
2203 2211
2203 2217
2204 2229
2204 2242
2207 2215
2207 2220
2208 2210
2208 6020
2209 2238
2209 2239
2211 2218
2211 2224
2213 2226
2213 2236
2215 2228
2215 2254
2216 2223
2216 4070
2218 2222
2219 2227
2219 2230
2222 2225
2223 2244
2223 2252
2224 2235
2225 2232
2226 2241
2226 2248
2227 2233
2227 2255
2229 4317
2231 2240
2231 2245
2232 2243
2233 2247
2234 2237
2234 2249
2234 2253
2235 2246
2237 6001
2238 2261
2238 6049
2239 2250
2240 2252
2240 4006
2242 2258
2242 4117
2243 2256
2244 2251
2246 2253
2249 2254
2249 6019
2250 2260
2250 6101
2251 2263
2252 4150
2254 2257
2255 2262
2255 2264
2256 2259
2258 4114
2258 4120
2259 6077
2259 6079
2260 6071
2260 6103
2262 6104
2263 4055
2263 4144
2265 2266
2265 2267
2265 2270
2265 2272
2266 2268
2267 2273
2268 2269
2269 2271
2270 2276
2271 2274
2271 2284
2272 2278
2272 2280
2273 2275
2274 2281
2274 2285
2275 2277
2275 2286
2276 2279
2277 2289
2278 2283
2278 2286
2279 2282
2280 2284
2280 2290
2281 2287
2282 2309
2283 2290
2285 2288
2287 2295
2288 2292
2289 2291
2290 2294
2291 2296
2292 2293
2293 2297
2293 2298
2294 2306
2295 2301
2296 2302
2296 2313
2297 2299
2298 2299
2298 2304
2299 2300
2300 2307
2301 2308
2302 2303
2303 2305
2304 2310
2305 2324
2306 2311
2307 2312
2307 2321
2308 2323
2309 2316
2311 2314
2312 2317
2313 2315
2314 2332
2315 2318
2315 2377
2316 2319
2317 2322
2318 2333
2319 2320
2320 2335
2321 2330
2322 2334
2323 2329
2324 2325
2324 2326
2325 2328
2326 2327
2327 2331
2328 2336
2329 3968
2330 2339
2331 2341
2332 2340
2333 2338
2333 2343
2334 2346
2334 2348
2335 2337
2335 3971
2336 2356
2337 2357
2338 3625
2339 2362
2340 2342
2341 2354
2342 2344
2342 2347
2343 2345
2343 2350
2344 2349
2345 2352
2346 2360
2347 2351
2347 2355
2348 2365
2349 2353
2350 2352
2351 2358
2351 2366
2353 2359
2354 2374
2355 2364
2356 2369
2357 2370
2358 3590
2359 2361
2360 2372
2361 2363
2361 2378
2362 2381
2363 2375
2364 2368
2365 3479
2366 2367
2367 2376
2368 2371
2368 2373
2369 2379
2369 3595
2370 3984
2371 2373
2372 2380
2374 3625
2375 3481
2376 2379
2377 3980
2378 3485
2379 3590
2381 2382
2382 3965
2383 2384
2383 2385
2383 2386
2383 2387
2384 2389
2384 2395
2384 2400
2385 2388
2385 2391
2388 2396
2389 2390
2389 2392
2390 2393
2390 2399
2391 2397
2391 2402
2392 2394
2392 2409
2393 2394
2393 2404
2394 2406
2395 2403
2395 2405
2396 2398
2396 2402
2397 2400
2397 2401
2399 2403
2400 2410
2401 2412
2402 2408
2402 2412
2403 2413
2404 2413
2404 2415
2404 2416
2405 2407
2406 2414
2406 2416
2407 2411
2407 2411
2409 2410
2410 2418
2412 2417
2414 2420
2415 2419
2416 2421
2418 2420
2419 2424
2419 2425
2421 2422
2422 2423
2423 2427
2425 2426
2425 2435
2426 2428
2426 2429
2427 2429
2428 2431
2429 2430
2430 2432
2430 2437
2431 2433
2432 2434
2433 2438
2433 2444
2434 2436
2434 2441
2435 2442
2435 2445
2436 2439
2437 2440
2438 2449
2439 2443
2440 2452
2441 2447
2442 2459
2443 2448
2443 2455
2444 2460
2444 2476
2445 2446
2445 2451
2446 2453
2446 2456
2447 2454
2448 2450
2449 2464
2450 2462
2450 2463
2451 2458
2452 2480
2453 2457
2453 2469
2454 2461
2456 2465
2457 2470
2458 2468
2459 2460
2460 2490
2461 2466
2462 2463
2462 2473
2463 2471
2464 2467
2465 2957
2466 2478
2467 2472
2467 2476
2468 2470
2469 2477
2471 2474
2471 2479
2472 2482
2473 2475
2473 2481
2474 2481
2477 2485
2478 2483
2478 2484
2479 2484
2479 2487
2479 2496
2480 2483
2480 2486
2480 2495
2482 2486
2483 2489
2485 2488
2486 2491
2486 2498
2487 2494
2488 2492
2489 2493
2490 3327
2491 4862
2491 4863
2492 2499
2493 2497
2494 4960
2495 2497
2495 4860
2496 2500
2497 2500
2498 2962
2499 2947
2499 2948
2501 2502
2501 2503
2501 2505
2502 2504
2503 2507
2504 2509
2504 2511
2505 2506
2506 2508
2507 2510
2507 2515
2509 2513
2510 2514
2510 2516
2511 2512
2511 2513
2512 2522
2513 2526
2514 2518
2514 2521
2515 2518
2515 2524
2516 2517
2517 2519
2517 2520
2519 2523
2519 2531
2521 2523
2521 2532
2522 2525
2522 2527
2525 2528
2526 2532
2526 2533
2527 2530
2528 2529
2529 2530
2533 2534
2534 2535
2534 2536
2535 2537
2536 2540
2537 2538
2538 2539
2539 2541
2539 2542
2540 2543
2540 2548
2541 2544
2542 2547
2543 2545
2544 2546
2545 2556
2546 2549
2547 2551
2547 2552
2548 2550
2548 2557
2550 2553
2550 2559
2551 2558
2552 2555
2553 2554
2553 2560
2554 2562
2554 2574
2555 2565
2556 2561
2556 2571
2557 2563
2557 2566
2558 2564
2559 2567
2560 2572
2561 2569
2561 2575
2562 2570
2562 2577
2563 2569
2564 2573
2566 2568
2566 2572
2568 2576
2569 2579
2570 2582
2571 2604
2573 2584
2574 2578
2574 2581
2575 2585
2576 2590
2577 2581
2578 2583
2578 2587
2579 2580
2579 2590
2580 2586
2583 2588
2584 2591
2585 2593
2586 2589
2586 2592
2587 2598
2588 2595
2588 2600
2589 2602
2590 2596
2591 2597
2592 2594
2595 2599
2595 2605
2596 2608
2596 2618
2597 2606
2598 2607
2598 2610
2599 2601
2600 2614
2601 2603
2602 2609
2602 5462
2604 2622
2604 5457
2604 5465
2605 2615
2606 2612
2607 5954
2608 2611
2608 2616
2609 2613
2610 5923
2611 5952
2611 5990
2612 2617
2613 5457
2615 5316
2615 5946
2615 5991
2616 5948
2617 2682
2618 5462
2619 2620
2620 2621
2621 2622
2623 2624
2624 2625
2624 2626
2626 2627
2627 2628
2627 2629
2628 2630
2628 2631
2631 2632
2632 2633
2632 2634
2634 2635
2636 2637
2636 2638
2638 2639
2639 2640
2641 2642
2642 2643
2642 2644
2643 2645
2644 2646
2644 2647
2645 2648
2646 2649
2647 2649
2650 2651
2651 2652
2653 2654
2654 2655
2655 2656
2656 2657
2657 2658
2658 2659
2659 2660
2661 2662
2661 2663
2662 2663
2663 2664
2666 2667
2667 2668
2668 2669
2668 2670
2670 2671
2670 2672
2672 2673
2673 2674
2674 2675
2675 2676
2676 2677
2677 2678
2678 2679
2679 2680
2680 2681
2681 2682
2685 2686
2686 2687
2686 2689
2687 2688
2688 2690
2689 2694
2690 2691
2691 2692
2691 2693
2692 2693
2695 2696
2695 2697
2695 2698
2698 2699
2700 2701
2701 2702
2702 2703
2703 2704
2704 2705
2706 2707
2706 2708
2707 2716
2708 2709
2709 2710
2710 2711
2711 2712
2712 2713
2712 2715
2713 2714
2714 2717
2715 2718
2715 2719
2716 2724
2717 2723
2717 2727
2718 2720
2718 2721
2720 2722
2721 2726
2721 2730
2722 2728
2723 2725
2724 2729
2725 2728
2726 2731
2727 2738
2727 2742
2729 2735
2730 2737
2730 2765
2731 2732
2732 2733
2733 2734
2735 2736
2736 2739
2736 2745
2737 2740
2738 2741
2738 2747
2739 2743
2740 2750
2741 2744
2742 2754
2742 2756
2743 2749
2744 2746
2745 2748
2745 2767
2746 2755
2747 2751
2747 2761
2748 2753
2749 2760
2749 2762
2750 2752
2751 2770
2752 2757
2753 2758
2753 2759
2755 2764
2756 2769
2756 2771
2757 2770
2758 2760
2758 2766
2761 2763
2761 2780
2762 2768
2762 2776
2763 2772
2763 2773
2764 2782
2765 2796
2765 2822
2765 2855
2767 2777
2767 2778
2768 2775
2770 2774
2771 2790
2771 2798
2772 2779
2772 2784
2774 2793
2774 2797
2775 2794
2775 2812
2777 2786
2777 2792
2778 2781
2778 2809
2779 2787
2779 2800
2779 2803
2780 2785
2780 2791
2782 2783
2783 2788
2783 2789
2785 2799
2787 2795
2788 2789
2792 2801
2793 2814
2793 2823
2794 2802
2794 2806
2794 2810
2795 2808
2795 2820
2795 4356
2796 2838
2797 2816
2798 2807
2800 2804
2800 2805
2802 2813
2804 2805
2806 2818
2807 2815
2807 2894
2808 2811
2808 4350
2808 4352
2810 3045
2810 3056
2811 2882
2812 3066
2812 3148
2813 3063
2813 3065
2814 2819
2815 4363
2816 2817
2817 2878
2817 4347
2818 3053
2818 3058
2819 2821
2822 4353
2824 2825
2824 2826
2824 2827
2826 2828
2827 2833
2828 2829
2829 2830
2830 2831
2831 2832
2833 2834
2834 2835
2835 2836
2836 2837
2838 2839
2838 2845
2839 2840
2839 2841
2840 2843
2841 2842
2842 2844
2843 2848
2844 2846
2845 2847
2845 2850
2846 2851
2847 2849
2850 2852
2850 2855
2851 2858
2852 2853
2852 2857
2853 2854
2854 2856
2856 2861
2857 2859
2857 2860
2858 2881
2858 2886
2860 2862
2860 2877
2861 2865
2862 2863
2863 2864
2863 2866
2864 2869
2864 2872
2864 2873
2865 2893
2866 2867
2867 2868
2869 2870
2870 2871
2870 2879
2871 2878
2871 2880
2872 2874
2872 2875
2874 2876
2875 2876
2877 2882
2877 2894
2878 2883
2881 2884
2881 2895
2882 2885
2882 2889
2884 2896
2885 2887
2885 2888
2886 2893
2887 2888
2889 2890
2889 2891
2890 2892
2891 2892
2897 2898
2898 2899
2899 2900
2899 2901
2900 2902
2901 2903
2902 2904
2903 2905
2904 2906
2906 2907
2906 2908
2908 2909
2909 2910
2910 2911
2911 2912
2913 2914
2913 2915
2913 2917
2914 2916
2915 2916
2917 2918
2917 2919
2919 2920
2919 2922
2920 2921
2925 2926
2925 2927
2926 2928
2926 2929
2926 2930
2927 2931
2928 2942
2929 2934
2930 2933
2931 2932
2931 2939
2932 2935
2932 2936
2933 2938
2934 2937
2935 2940
2936 2941
2937 2943
2938 2945
2938 2946
2939 2949
2940 2950
2940 2961
2941 2952
2942 2944
2942 2955
2943 2949
2943 2965
2944 2947
2945 2948
2945 2954
2946 2953
2946 2971
2947 2948
2949 2951
2950 2956
2950 2957
2951 2960
2952 2958
2953 2959
2953 2966
2953 2974
2954 2964
2955 2961
2958 2962
2959 2963
2960 2967
2963 2968
2964 2972
2965 2981
2965 2989
2966 2969
2966 2970
2967 2977
2967 2991
2969 2975
2970 2978
2970 2995
2971 2973
2971 2974
2972 2980
2973 2976
2974 2979
2975 2982
2978 2985
2978 2997
2979 2983
2981 2984
2981 2986
2982 2983
2982 2996
2983 2987
2983 2998
2984 2990
2984 3006
2985 2988
2985 3028
2986 2993
2986 3010
2987 2992
2988 2990
2988 3002
2989 3001
2989 3005
2990 3027
2991 2994
2993 2999
2994 3003
2994 3014
2995 3021
2996 3000
2998 3020
2999 3007
3000 3013
3001 3023
3001 3026
3002 3004
3003 3008
3003 3009
3005 3010
3005 3023
3006 3011
3007 3036
3008 3009
3009 3012
3010 3016
3010 3017
3011 3015
3013 3022
3014 3018
3015 3019
3016 3029
3016 3031
3017 3034
3019 3024
3020 3030
3021 3032
3021 3038
3022 3032
3023 3025
3024 3027
3025 3031
3026 3037
3028 3033
3029 3035
3030 3032
3033 3036
3034 3039
3034 3041
3035 3040
3035 3105
3036 3042
3037 3194
3038 3152
3038 3321
3039 3113
3040 3317
3041 3125
3041 3132
3042 3322
3043 3044
3044 3045
3044 3046
3046 3047
3046 3048
3047 3049
3049 3050
3049 3052
3050 3051
3052 3053
3053 3054
3054 3055
3057 3058
3058 3059
3059 3060
3059 3061
3061 3062
3061 3063
3063 3064
3067 3068
3068 3069
3068 3070
3069 3072
3069 3075
3070 3071
3071 3073
3071 3074
3072 3076
3072 3079
3073 3077
3075 3080
3076 3087
3077 3078
3077 3081
3078 3082
3078 3094
3079 3085
3079 3091
3080 3083
3080 3098
3081 3089
3081 3090
3082 3084
3083 3092
3084 3086
3084 3101
3085 3088
3085 3103
3086 3099
3088 3095
3088 3097
3089 3096
3089 3104
3090 3093
3090 3104
3091 3110
3092 3100
3093 3106
3094 3100
3094 3112
3095 3105
3096 3114
3097 3108
3097 3118
3098 3107
3100 3102
3101 3111
3102 3129
3106 3109
3108 3117
3109 3113
3110 3119
3110 3124
3111 3115
3111 3116
3114 3120
3115 3129
3116 3122
3116 3123
3117 3132
3118 3121
3119 3128
3120 3122
3120 3126
3121 3125
3122 3127
3123 3131
3124 3140
3126 3130
3126 3147
3127 3141
3128 3136
3130 3133
3130 3134
3131 3135
3131 3142
3133 3146
3134 3138
3135 3137
3137 3139
3137 3144
3138 3150
3138 3155
3139 3145
3140 3143
3143 3153
3145 3148
3146 3154
3146 3159
3147 3149
3148 3151
3149 3152
3150 3156
3150 3157
3151 3164
3152 3158
3153 3183
3154 3158
3155 3160
3155 3307
3156 3163
3157 3161
3159 3324
3160 3162
3160 3166
3161 3165
3161 3176
3162 3172
3162 3177
3163 3168
3163 3170
3164 3167
3164 3175
3165 3173
3166 3169
3166 3171
3168 3181
3169 3174
3170 3178
3171 3174
3172 3176
3172 3308
3173 3180
3175 3179
3177 3311
3178 4693
3180 3182
3180 3185
3181 3336
3181 3341
3182 3184
3184 3187
3186 3187
3186 3188
3189 3190
3190 3191
3190 3192
3192 3193
3192 3194
3192 3195
3193 3198
3194 3197
3195 3196
3196 3199
3198 3201
3199 3200
3201 3202
3201 3205
3202 3203
3203 3204
3204 3208
3205 3206
3206 3207
3207 3209
3208 3211
3209 3210
3211 3212
3212 3213
3213 3214
3213 3215
3214 3217
3215 3216
3216 3218
3217 3219
3218 3220
3219 3223
3220 3221
3220 3224
3221 3222
3222 3225
3223 3227
3224 3226
3225 3228
3226 3229
3227 3230
3228 3236
3228 3239
3229 3231
3230 3232
3230 3243
3231 3234
3232 3233
3232 3235
3233 3237
3233 3256
3234 3238
3235 3246
3236 3240
3237 3241
3238 3242
3239 3266
3240 3244
3242 3245
3243 3257
3244 3251
3245 3247
3246 3262
3247 3248
3248 3249
3249 3250
3250 3252
3251 3259
3252 3253
3253 3254
3254 3255
3255 3258
3256 3272
3257 3261
3258 3260
3259 3263
3260 3265
3261 3268
3262 3264
3263 3266
3264 3273
3265 3267
3267 3269
3268 3271
3269 3270
3270 3277
3271 3275
3272 3274
3273 3287
3274 3279
3275 3276
3276 3280
3277 3278
3278 3281
3279 3288
3280 3282
3281 3283
3282 3284
3283 3285
3283 3286
3284 3285
3286 3290
3287 3292
3288 3289
3289 3295
3290 3291
3291 3293
3292 3302
3293 3294
3294 3297
3295 3296
3296 3306
3297 3298
3298 3299
3299 3300
3300 3301
3301 4216
3302 3303
3303 3304
3304 3305
3305 4223
3306 4155
3308 3309
3308 3310
3311 3312
3314 3315
3314 3317
3315 3316
3317 3318
3318 3319
3320 3321
3320 3322
3321 3323
3324 3325
3326 3327
3327 3328
3331 3332
3331 3333
3333 3334
3334 3335
3334 3336
3336 3337
3337 3338
3337 3339
3339 3340
3340 3341
3341 3342
3342 3343
3343 3344
3344 3345
3344 3348
3345 3346
3346 3347
3346 3351
3347 3350
3347 3352
3348 3349
3349 3361
3349 3367
3350 3352
3351 3353
3351 3354
3353 3355
3353 3356
3354 3358
3355 3357
3356 3357
3358 3359
3359 3360
3361 3362
3361 3363
3362 3364
3362 3369
3363 3365
3363 3368
3364 3379
3365 3366
3366 3375
3367 3372
3367 3378
3368 3370
3368 3380
3369 3387
3370 3371
3371 3373
3371 3381
3372 3374
3372 3383
3373 3376
3374 3377
3374 3381
3375 3384
3376 3377
3379 3388
3379 3390
3380 3382
3381 3382
3382 3385
3383 3385
3383 3387
3384 3386
3385 3386
3387 3422
3388 3389
3388 3395
3389 3391
3390 3392
3390 3396
3391 3393
3391 3394
3392 3400
3394 3399
3394 3401
3395 3398
3395 3410
3396 3397
3396 3404
3397 3408
3397 3411
3398 3413
3399 3403
3399 3406
3400 3402
3400 3409
3402 3405
3402 3407
3404 3409
3408 3412
3409 3414
3409 3416
3410 3431
3411 3415
3411 3417
3413 3418
3415 3416
3416 3420
3417 3419
3417 3424
3418 3427
3418 3429
3419 3421
3420 3423
3420 3439
3422 3428
3422 4678
3423 3426
3424 3425
3424 3434
3425 3436
3427 4456
3428 3432
3429 3430
3429 3435
3430 3442
3430 3443
3431 3433
3431 3439
3432 3438
3433 3446
3433 4556
3434 3440
3434 3441
3435 3437
3436 3444
3437 4527
3437 4847
3438 3448
3439 4642
3440 3447
3441 4640
3441 4643
3442 4524
3442 4682
3443 4682
3444 3445
3446 4539
3446 4557
3447 4634
3448 4852
3450 3451
3452 3453
3452 3454
3453 3459
3454 3455
3454 3456
3455 3457
3456 3462
3456 3464
3457 3458
3458 3460
3459 3461
3460 3463
3462 3472
3464 3465
3465 3466
3465 3467
3466 3468
3467 3469
3468 3470
3469 3477
3470 3471
3471 3473
3472 3474
3472 3475
3473 3481
3474 3476
3475 3479
3476 3478
3477 3483
3478 3482
3479 3480
3480 3488
3481 3485
3482 3483
3482 3484
3482 3492
3484 3486
3485 3487
3485 3494
3486 3489
3487 3495
3488 3491
3489 3490
3490 3496
3491 3493
3493 3501
3494 3503
3495 3497
3497 3498
3497 3499
3498 3500
3499 3502
3501 3504
3502 3505
3503 3507
3503 3510
3503 3511
3504 3506
3507 3508
3508 3509
3509 3512
3509 3515
3510 3513
3511 3516
3511 3519
3512 3514
3513 3518
3514 3517
3515 3521
3516 3518
3517 3520
3519 3527
3520 3524
3520 3526
3521 3522
3521 3523
3521 3528
3522 3525
3523 3526
3524 3533
3525 3531
3527 3529
3528 3530
3529 3535
3529 3538
3529 3541
3530 3536
3530 3543
3530 3544
3531 3532
3532 3534
3532 3537
3533 3539
3533 3540
3533 3567
3534 3542
3535 3545
3535 3552
3536 3539
3536 3551
3537 3550
3538 3553
3539 3551
3540 3547
3541 3549
3541 3564
3542 3548
3543 3555
3544 3559
3545 3546
3546 3548
3546 3557
3547 3554
3549 3568
3550 3556
3550 3569
3551 3554
3551 3563
3552 3561
3553 3561
3553 3892
3554 3583
3554 3946
3555 3901
3555 4335
3556 3558
3557 3560
3557 3566
3558 3560
3558 3966
3559 3562
3561 3897
3562 3565
3563 3925
3564 3869
3565 3930
3566 3966
3567 3586
3568 3808
3568 3877
3570 3571
3570 3572
3570 3573
3571 3573
3571 3575
3572 3574
3573 3579
3575 3576
3576 3577
3577 3578
3578 3580
3578 3582
3579 3584
3579 3594
3580 3581
3580 3583
3581 3586
3582 3585
3584 3593
3585 3587
3585 3589
3586 3590
3587 3588
3588 3591
3589 3592
3591 3595
3592 3597
3593 3598
3594 3596
3596 3599
3597 3603
3598 3600
3599 3601
3599 3611
3600 3602
3601 3604
3601 3608
3602 3605
3603 3606
3604 3607
3604 3615
3605 3609
3606 3621
3606 3625
3607 3612
3607 3614
3608 3610
3609 3970
3610 3617
3611 3627
3611 3631
3612 3613
3613 3623
3613 3633
3614 3616
3615 3618
3616 3619
3617 3620
3618 3628
3619 3622
3620 3624
3621 3653
3623 3626
3623 3630
3623 3632
3624 3629
3626 3643
3627 3635
3628 3629
3628 3633
3630 3639
3631 3634
3631 3637
3632 3638
3632 3647
3634 3636
3635 3652
3636 3648
3636 3649
3637 3642
3637 3643
3638 3641
3638 3644
3639 3640
3639 3645
3640 3650
3641 3646
3641 3667
3642 3645
3642 3657
3643 3645
3644 3655
3646 3651
3647 3650
3649 3658
3650 3655
3651 3656
3652 3654
3655 3656
3656 3660
3657 3659
3658 3664
3658 3670
3658 3671
3659 3661
3660 3665
3661 3662
3662 3663
3662 3668
3663 3666
3664 3676
3665 3672
3665 3675
3666 3669
3667 3673
3668 3685
3669 3674
3671 3683
3672 3679
3672 3682
3673 3687
3673 3953
3674 3678
3675 3677
3675 3680
3676 5741
3676 5746
3677 3943
3678 3681
3680 3962
3681 3684
3682 5768
3682 5772
3683 5764
3684 3686
3685 5764
3685 5774
3685 5775
3685 5778
3686 5777
3687 3949
3688 3689
3689 3690
3689 3692
3690 3691
3691 3693
3693 3694
3693 3695
3694 3696
3695 3698
3696 3697
3696 3700
3697 3705
3698 3699
3699 3701
3699 3702
3700 3703
3701 3702
3701 3704
3703 3714
3704 3707
3705 3706
3705 3715
3706 3711
3707 3708
3707 3710
3708 3709
3709 3713
3710 3712
3712 3716
3714 3717
3714 3719
3716 3718
3717 3723
3717 3725
3717 3731
3718 3720
3718 3721
3719 3722
3719 3724
3722 3730
3723 3726
3724 3727
3725 3728
3725 3729
3726 3732
3727 3735
3728 3745
3729 3733
3729 3736
3730 3740
3731 3734
3732 3737
3732 3741
3733 3735
3734 3738
3735 3743
3736 3750
3738 3739
3738 3741
3738 3749
3739 3746
3740 3742
3741 3747
3742 3744
3743 3751
3744 3748
3745 3746
3746 3750
3747 3755
3748 3753
3749 3754
3750 3752
3751 3758
3752 3758
3754 3757
3754 3760
3755 3756
3756 3759
3757 3766
3758 3764
3758 3770
3759 3761
3759 3763
3760 3768
3761 3762
3763 3765
3764 3767
3764 3774
3765 3769
3766 3771
3766 3773
3767 3777
3768 3772
3769 3772
3769 3775
3769 3778
3770 3793
3771 3780
3773 3776
3774 3782
3775 3781
3776 3784
3776 3785
3777 3779
3778 3783
3779 3789
3780 3786
3782 3787
3784 3788
3784 3794
3785 3790
3785 3797
3786 3796
3787 3791
3788 3790
3788 3795
3789 3803
3789 3804
3789 3805
3790 3792
3791 3796
3792 3798
3792 3799
3793 3800
3793 4343
3794 3802
3795 4919
3795 5819
3797 3801
3798 4933
3799 5783
3800 5784
3800 5818
3801 5790
3802 5835
3803 5836
3804 5838
3805 5820
3805 5840
3806 3807
3806 3808
3807 3809
3807 3811
3807 3815
3808 3814
3809 3810
3810 3813
3811 3812
3811 3818
3812 3823
3813 3814
3813 3820
3814 3817
3815 3816
3816 3822
3816 3829
3817 3819
3820 3821
3820 3825
3821 3824
3822 3826
3822 3831
3823 3833
3824 3827
3824 3828
3826 3830
3826 3834
3827 3832
3827 3836
3827 3837
3828 3836
3830 3839
3831 3842
3831 3846
3832 3840
3833 3835
3833 3845
3833 3848
3834 3839
3834 3843
3835 3847
3836 3838
3837 3841
3838 3849
3840 3844
3841 3852
3842 3850
3842 3862
3843 3861
3844 3854
3844 3859
3845 3855
3845 3865
3847 3860
3848 3851
3848 3857
3849 3853
3850 3863
3851 3881
3852 3853
3854 3866
3854 3867
3855 3856
3856 3864
3856 3868
3857 3858
3857 3874
3858 3875
3862 3873
3865 3876
3865 3879
3867 3869
3868 3870
3868 3871
3869 3877
3870 3872
3871 3872
3873 3878
3874 3883
3874 3897
3875 3887
3876 3880
3876 3882
3878 3884
3879 3889
3879 3891
3880 3885
3881 3890
3882 3885
3883 3886
3886 3892
3887 3888
3888 3893
3889 3894
3890 3895
3891 3903
3892 3896
3893 3897
3894 3900
3894 3907
3895 3901
3896 3898
3898 3899
3900 3902
3902 3904
3902 3905
3903 3908
3903 3914
3903 4335
3904 3906
3905 3909
3906 3913
3906 3917
3907 3910
3907 3911
3908 3911
3908 3915
3908 3916
3909 3912
3910 3918
3910 3921
3911 5767
3912 4228
3913 4228
3914 3944
3915 5767
3916 3919
3917 4255
3918 3920
3919 3922
3921 3991
3921 4333
3922 3923
3922 4338
3923 4337
3925 3926
3926 3927
3927 3928
3928 3929
3929 3930
3929 3931
3931 3932
3932 3933
3933 3934
3934 3935
3935 3936
3935 3937
3936 3938
3937 3940
3938 3939
3938 3941
3939 3943
3940 3942
3941 3945
3942 3946
3943 3944
3944 3947
3945 3948
3946 3949
3947 3950
3948 3951
3950 3952
3950 3954
3951 3953
3952 3956
3954 3955
3954 3956
3956 3957
3957 3958
3958 3959
3959 3960
3960 3961
3961 3962
3963 3964
3964 3965
3967 3968
3969 3970
3971 3972
3972 3973
3973 3974
3974 3975
3975 3976
3976 3977
3977 3978
3978 3979
3979 3980
3981 3982
3982 3983
3983 3984
3985 3986
3985 3987
3985 3988
3986 3987
3988 3989
3989 3990
3989 3991
3992 3993
3993 3994
3993 3996
3994 3995
3995 3997
3996 3999
3996 4003
3997 3998
3998 4000
3999 4004
3999 4007
4000 4001
4001 4002
4003 4006
4003 4011
4004 4005
4004 4008
4005 4015
4006 4010
4007 4012
4007 4015
4008 4009
4008 4016
4009 4020
4010 4013
4010 4014
4011 4016
4011 4017
4012 4022
4013 4014
4015 4020
4016 4019
4017 4018
4018 4021
4019 4023
4019 4024
4020 4024
4021 4025
4021 4027
4022 4038
4023 4026
4023 4029
4024 4033
4025 4026
4025 4032
4027 4028
4027 4030
4028 4036
4028 4042
4029 4031
4030 4034
4031 4035
4032 4037
4034 4041
4034 4044
4035 4037
4036 4039
4036 4046
4037 4040
4038 4060
4039 4047
4041 4043
4042 4048
4043 4045
4044 4067
4045 4049
4046 4051
4046 4052
4047 4053
4047 4054
4048 4050
4048 4056
4048 4057
4049 4055
4049 4061
4050 4070
4051 4064
4051 4066
4052 4059
4052 4077
4054 4058
4055 4067
4056 4065
4056 4074
4057 4063
4058 4062
4058 4068
4059 4073
4060 4071
4060 4083
4061 4069
4062 4078
4063 4066
4064 4076
4065 4081
4066 4086
4068 4072
4071 4075
4073 4095
4073 4102
4074 4091
4075 4080
4076 4079
4077 4087
4078 4094
4078 4119
4079 4082
4080 4101
4081 4085
4082 4084
4083 4089
4085 4090
4086 4088
4086 4099
4087 4093
4088 4097
4089 4092
4091 4096
4092 5724
4092 5758
4093 4095
4096 4098
4096 4104
4097 4100
4097 4105
4098 4103
4100 4106
4101 4109
4101 4118
4102 4108
4102 4111
4103 6086
4105 4107
4106 4136
4106 4149
4108 4121
4109 4121
4110 4111
4112 4113
4112 4114
4115 4116
4118 4119
4122 4123
4122 4126
4123 4124
4124 4125
4126 4127
4127 4128
4127 4129
4129 4130
4130 4131
4130 4132
4131 4132
4133 4134
4134 4135
4135 4136
4136 4137
4137 4138
4138 4139
4139 4140
4141 4142
4142 4143
4145 4146
4145 4147
4146 4149
4147 4148
4151 4152
4151 4153
4152 4154
4152 4155
4152 4156
4153 4160
4154 4157
4154 4159
4155 4158
4156 4161
4159 4162
4161 4163
4162 4164
4163 4165
4164 4173
4165 4166
4165 4167
4166 4168
4166 4169
4167 4170
4168 4169
4170 4171
4170 4172
4171 4175
4172 4174
4173 4175
4173 4184
4174 4176
4174 4177
4175 4181
4176 4178
4177 4180
4178 4179
4179 4180
4181 4182
4182 4183
4183 4185
4185 4186
4186 4187
4187 4188
4188 4189
4188 4190
4188 4191
4189 4195
4190 4192
4191 4193
4192 4194
4193 4199
4194 4197
4195 4196
4196 4198
4197 4207
4198 4211
4199 4200
4199 4201
4200 4202
4201 4206
4202 4203
4202 4204
4203 4205
4204 4208
4204 4214
4205 4209
4206 4210
4207 4221
4208 4216
4209 4212
4210 4213
4211 4222
4212 4218
4213 4215
4214 4217
4218 4219
4219 4220
4221 4224
4222 4223
4225 4226
4225 4227
4225 4228
4226 4232
4227 4229
4227 4233
4229 4230
4229 4236
4230 4231
4232 4234
4232 4235
4234 4237
4235 4238
4237 4239
4237 4240
4237 4241
4238 4243
4239 4245
4240 4242
4241 4246
4241 4254
4242 4244
4243 4248
4244 4247
4244 4250
4245 4256
4247 4249
4247 4251
4248 4255
4249 4252
4250 4253
4250 4259
4251 4252
4253 4257
4253 4266
4254 4258
4254 4261
4255 4262
4256 4261
4256 4270
4257 4260
4257 4263
4258 4265
4259 4264
4259 4264
4260 4263
4261 4267
4265 4268
4268 4269
4269 4273
4270 4271
4271 4272
4272 4275
4272 4282
4273 4274
4274 4276
4275 4277
4275 4279
4276 4278
4276 4282
4276 4284
4277 4283
4278 4286
4279 4280
4279 4281
4280 4290
4281 4285
4281 4292
4283 4287
4285 4288
4286 4289
4288 4293
4288 4295
4289 4294
4290 4291
4292 4300
4292 4302
4293 4296
4295 4298
4296 4297
4297 4299
4298 4301
4300 4317
4301 4303
4301 4304
4302 4305
4302 4307
4303 4306
4305 4308
4305 4310
4306 4309
4307 4311
4308 4312
4308 4320
4310 4316
4311 4313
4312 4319
4312 4332
4313 4314
4314 4315
4315 4318
4316 4321
4317 4327
4317 4332
4318 4323
4318 4324
4320 4322
4321 4328
4322 4325
4323 4326
4325 4329
4327 4330
4330 4331
4333 4334
4337 4338
4339 4340
4340 4341
4341 4342
4342 4343
4345 4346
4348 4349
4348 4350
4349 4351
4354 4355
4354 4356
4355 4357
4356 4357
4358 4359
4358 4363
4359 4360
4360 4361
4361 4362
4362 4364
4363 4368
4364 4365
4364 4367
4365 4366
4366 4390
4367 4373
4367 4374
4368 4369
4368 4375
4369 4370
4369 4371
4370 4372
4370 4379
4371 4376
4371 4378
4373 4381
4374 4380
4374 4385
4375 4382
4376 4377
4376 4379
4377 4384
4377 4389
4378 4383
4379 4397
4380 4386
4381 4387
4382 4383
4383 4389
4384 4393
4384 4402
4385 4388
4386 4391
4387 4395
4388 4401
4390 4392
4390 4394
4391 4399
4392 4403
4393 4397
4393 4406
4394 4396
4395 4396
4395 4399
4396 4398
4397 4400
4398 4404
4398 4408
4401 4405
4401 4407
4402 4417
4404 4411
4405 4426
4406 4409
4406 4410
4407 4418
4408 4419
4408 4421
4409 4414
4409 4443
4410 4413
4410 4415
4411 4412
4411 4416
4411 4428
4412 4426
4414 4422
4414 4427
4415 4420
4415 4424
4416 4418
4416 4425
4417 4423
4419 4433
4419 4435
4420 4429
4420 4430
4422 4437
4423 4438
4425 4432
4426 4439
4426 4444
4427 4431
4428 4441
4429 4436
4429 4440
4430 4434
4433 4449
4434 4442
4434 4446
4439 4457
4440 4445
4440 4446
4441 4449
4443 4448
4443 4454
4443 4456
4444 4447
4444 4459
4446 4451
4447 4450
4448 4453
4448 4455
4449 4457
4450 4452
4451 4465
4452 4460
4453 4468
4454 4458
4454 4606
4455 4462
4455 4467
4456 4464
4457 4501
4458 4461
4458 4470
4460 4466
4461 4472
4462 4463
4462 4475
4463 4471
4463 4523
4465 4619
4465 4846
4466 4512
4467 4469
4468 4469
4468 4475
4470 4473
4470 4708
4471 4474
4472 4608
4472 4611
4473 4701
4473 4858
4474 4521
4476 4477
4477 4478
4478 4479
4478 4481
4479 4480
4482 4483
4482 4485
4482 4488
4483 4484
4483 4485
4484 4487
4485 4486
4486 4489
4487 4491
4488 4490
4488 4494
4489 4492
4490 4493
4491 4496
4491 4497
4492 4508
4493 4495
4494 4501
4494 4502
4495 4498
4496 4500
4497 4499
4497 4505
4498 4503
4499 4502
4502 4504
4503 4506
4504 4507
4506 4509
4509 4510
4510 4511
4510 4512
4513 4514
4513 4515
4513 4516
4514 4520
4515 4517
4515 4518
4516 4520
4516 4521
4517 4519
4518 4519
4520 4522
4520 4523
4522 4525
4522 4527
4523 4524
4524 4527
4525 4526
4525 4528
4526 4529
4526 4531
4527 4532
4528 4530
4528 4533
4529 4541
4529 4542
4530 4534
4530 4538
4531 4536
4531 4542
4532 4536
4532 4539
4533 4535
4533 4537
4534 4550
4534 4551
4535 4540
4536 4544
4537 4540
4538 4547
4538 4548
4539 4544
4541 4543
4542 4545
4543 4549
4544 4546
4545 4554
4545 4557
4546 4557
4547 4553
4547 4561
4549 4556
4550 4552
4550 4564
4551 4555
4551 4558
4552 4562
4552 4565
4553 4560
4555 4559
4556 4563
4558 4559
4562 4571
4564 4566
4564 4567
4565 4568
4566 4569
4567 4569
4568 4570
4571 4572
4572 4573
4572 4575
4573 4574
4574 4576
4575 4577
4577 4578
4577 4581
4578 4579
4579 4580
4581 4582
4582 4583
4583 4584
4583 4585
4584 4587
4584 4589
4585 4586
4585 4588
4586 4590
4586 4591
4588 4593
4588 4595
4589 4592
4590 4594
4592 4596
4594 4597
4594 4598
4595 4599
4595 4600
4596 4604
4596 4607
4597 4602
4599 4601
4600 4601
4602 4603
4603 4605
4603 4606
4604 4608
4604 4613
4605 4611
4607 4609
4607 4610
4608 4619
4609 4612
4610 4617
4610 4624
4612 4614
4613 4615
4613 4618
4615 4616
4616 4622
4617 4621
4618 4620
4618 4623
4619 4620
4621 4622
4621 4623
4623 4625
4625 4626
4625 4627
4627 4628
4627 4630
4628 4629
4630 4846
4632 4633
4632 4634
4634 4635
4636 4637
4637 4638
4639 4640
4640 4641
4641 4642
4642 4643
4643 4644
4644 4645
4644 4647
4645 4646
4646 4650
4646 4651
4647 4648
4648 4649
4650 4652
4652 4653
4654 4655
4654 4657
4655 4656
4656 4658
4657 4661
4658 4659
4659 4660
4660 4662
4661 4663
4662 4664
4663 4665
4665 4666
4666 4667
4666 4668
4666 4669
4667 4670
4667 4671
4668 4670
4669 4671
4672 4673
4673 4674
4674 4675
4675 4676
4676 4677
4677 4678
4678 4679
4679 4680
4680 4681
4683 4684
4683 4685
4683 4687
4684 4686
4685 4686
4687 4688
4688 4689
4688 4690
4690 4691
4691 4692
4691 4692
4694 4695
4694 4696
4696 4697
4697 4698
4698 4699
4701 4702
4701 4703
4702 4704
4703 4704
4705 4706
4706 4707
4708 4709
4709 4710
4710 4711
4712 4713
4713 4714
4714 4715
4715 4716
4716 4717
4717 4718
4718 4719
4719 4720
4720 4721
4721 4722
4722 4723
4723 4724
4724 4725
4725 4726
4726 4727
4727 4728
4728 4729
4729 4730
4730 4731
4731 4732
4732 4733
4733 4734
4734 4735
4735 4736
4736 4737
4737 4738
4738 4739
4739 4740
4740 4741
4741 4742
4742 4743
4743 4744
4744 4745
4745 4746
4745 4748
4746 4747
4747 4749
4748 4750
4749 4751
4750 4752
4751 4753
4751 4754
4752 4759
4753 4755
4753 4760
4754 4756
4754 4758
4755 4757
4755 4769
4756 4763
4757 4765
4757 4766
4758 4762
4758 4772
4759 4768
4760 4761
4761 4764
4762 4773
4763 4771
4765 4767
4766 4777
4766 4780
4767 4770
4768 4775
4770 4774
4771 4778
4772 4774
4773 4776
4773 4791
4775 4789
4776 4781
4776 4785
4777 4779
4778 4784
4780 4782
4780 4787
4781 4783
4781 4788
4782 4796
4782 4798
4783 4786
4784 4799
4786 4790
4786 4793
4787 4797
4787 4803
4787 4809
4788 4792
4788 5382
4789 4821
4790 4794
4791 4797
4791 4804
4792 4795
4793 4794
4797 4800
4798 4806
4799 4808
4799 5365
4800 4801
4801 4802
4803 4805
4803 4813
4804 4807
4804 4824
4805 4825
4806 4810
4807 4812
4807 4819
4809 4811
4809 4814
4810 4822
4810 4828
4811 4820
4811 4826
4812 4823
4813 4815
4813 4816
4814 4817
4815 4818
4816 4818
4817 4820
4819 5649
4821 5624
4822 4829
4822 5479
4823 4827
4823 5645
4825 5683
4826 5564
4826 5686
4827 5559
4828 5521
4828 5676
4829 5475
4829 5495
4833 4834
4834 4835
4835 4836
4836 4837
4837 4838
4838 4839
4839 4840
4841 4842
4842 4843
4843 4844
4844 4845
4847 4848
4847 4849
4848 4850
4849 4850
4854 4855
4854 4856
4854 4858
4855 4857
4856 4857
4860 4861
4861 4862
4861 4863
4863 4864
4864 4865
4865 4866
4866 4867
4868 4869
4869 4870
4869 4872
4870 4871
4871 4875
4872 4873
4872 4874
4873 4876
4874 4877
4875 4878
4875 4881
4876 4878
4877 4879
4877 4892
4878 4880
4879 4885
4880 4882
4881 4883
4881 4886
4882 4884
4884 4886
4884 4888
4885 4887
4887 4889
4888 4892
4889 4890
4890 4891
4891 4894
4892 4893
4892 4895
4893 4895
4894 4896
4895 4898
4896 4897
4897 4899
4899 4900
4900 4901
4901 4902
4901 4903
4902 4908
4903 4904
4904 4905
4905 4906
4906 4907
4907 4909
4908 4912
4909 4910
4910 4911
4912 4913
4913 4914
4914 4915
4915 4916
4916 4917
4916 4918
4917 4919
4918 4920
4920 4921
4921 4922
4922 4923
4923 4924
4924 4925
4925 4926
4925 4930
4926 4927
4927 4928
4928 4929
4930 4931
4930 4932
4931 4933
4932 4934
4934 4935
4935 4936
4935 4937
4936 4938
4937 4940
4938 4939
4940 4941
4942 4943
4942 4944
4945 4946
4945 4947
4946 4948
4947 4950
4947 4952
4948 4949
4949 4951
4954 4955
4957 4958
4958 4959
4961 4962
4961 4963
4962 4964
4964 4965
4965 4966
4965 4968
4966 4967
4967 4969
4968 4970
4968 4971
4970 4972
4973 4974
4976 4977
4977 4978
4980 4981
4980 4982
4980 4983
4980 4988
4981 4984
4981 4997
4982 4985
4983 4989
4983 4990
4984 4986
4985 4992
4985 4994
4986 4987
4988 4993
4989 4991
4990 5001
4991 4996
4991 4999
4992 5000
4993 5003
4993 5025
4994 4995
4994 5006
4995 5007
4996 4998
4997 5012
4999 5002
4999 5014
5000 5008
5001 5004
5001 5019
5002 5004
5002 5016
5003 5005
5003 5020
5003 5097
5004 5015
5005 5011
5006 5009
5006 5010
5007 5018
5008 5017
5009 5013
5010 5013
5011 5023
5012 5027
5014 5025
5014 5040
5015 5024
5016 5021
5017 5030
5017 5035
5018 5022
5019 5028
5019 5029
5020 5026
5022 5043
5022 5044
5022 5046
5024 5034
5026 5042
5026 5047
5027 5031
5028 5034
5029 5036
5029 5038
5030 5032
5030 5033
5031 5048
5032 5037
5033 5037
5035 5041
5036 5039
5038 5049
5038 5088
5039 5045
5039 5064
5040 5053
5041 5050
5043 5057
5043 5059
5044 5069
5045 5052
5046 5080
5047 5051
5047 5055
5048 5445
5049 5054
5049 5070
5050 5062
5051 5071
5052 5056
5053 5060
5053 5065
5054 5058
5054 5061
5055 5067
5056 5068
5057 5063
5057 5076
5058 5073
5058 5079
5059 5077
5060 5072
5060 5074
5061 5609
5062 5700
5063 5086
5063 5090
5064 5075
5064 5082
5065 5066
5065 5087
5066 5713
5067 5544
5068 5081
5069 5083
5069 5091
5071 5078
5072 5097
5073 5094
5074 5084
5074 5087
5075 5085
5076 5177
5077 5550
5078 5095
5078 5413
5080 5096
5080 5184
5081 5711
5082 5089
5083 5093
5083 5545
5085 5570
5085 5578
5086 5137
5086 5710
5087 5092
5088 5586
5090 5547
5091 5550
5093 5253
5093 5553
5095 5443
5096 5199
5097 5543
5098 5099
5098 5120
5099 5100
5099 5101
5100 5102
5100 5105
5100 5108
5101 5103
5102 5106
5103 5104
5104 5110
5105 5107
5105 5109
5106 5113
5107 5112
5108 5115
5108 5119
5109 5111
5110 5117
5110 5118
5111 5114
5112 5133
5113 5129
5114 5116
5115 5126
5116 5123
5116 5134
5117 5124
5118 5121
5118 5122
5119 5132
5120 5125
5120 5130
5121 5127
5122 5130
5123 5135
5123 5141
5125 5128
5125 5131
5127 5140
5128 5159
5129 5138
5129 5158
5130 5136
5131 5142
5131 5144
5132 5143
5133 5166
5133 5195
5134 5145
5134 5175
5135 5147
5135 5158
5136 5137
5136 5146
5138 5139
5138 5148
5139 5150
5139 5152
5140 5151
5140 5179
5141 5161
5141 5176
5141 5203
5142 5149
5142 5153
5143 5160
5144 5174
5145 5162
5145 5164
5146 5157
5148 5160
5149 5155
5150 5154
5150 5187
5151 5165
5152 5163
5153 5155
5154 5156
5156 5183
5157 5167
5157 5172
5158 5171
5159 5166
5161 5171
5162 5170
5163 5168
5163 5189
5165 5169
5165 5180
5167 5188
5168 5182
5169 5177
5170 5173
5171 5181
5173 5178
5174 5206
5174 5211
5175 5186
5175 5194
5176 5197
5176 5452
5179 5199
5179 5212
5180 5184
5182 5185
5183 5191
5184 5196
5186 5190
5186 5205
5187 5201
5188 5209
5189 5192
5190 5213
5191 5193
5191 5204
5192 5198
5194 5200
5197 5200
5198 5207
5199 5202
5200 5456
5201 5674
5202 5208
5203 5215
5203 5463
5204 5210
5204 5557
5204 5641
5205 5460
5206 5209
5206 5214
5209 5552
5210 5642
5211 5218
5211 5287
5212 5673
5213 5990
5214 5701
5214 5704
5216 5217
5216 5218
5217 5219
5217 5220
5218 5221
5219 5231
5220 5222
5220 5225
5221 5223
5222 5226
5223 5224
5223 5229
5224 5227
5225 5228
5225 5230
5226 5234
5226 5240
5227 5237
5228 5232
5229 5243
5230 5232
5231 5233
5231 5242
5231 5262
5233 5235
5234 5238
5234 5239
5235 5236
5236 5247
5237 5244
5237 5245
5238 5239
5239 5241
5240 5246
5240 5251
5242 5250
5243 5249
5244 5245
5246 5250
5246 5267
5247 5248
5247 5256
5248 5254
5248 5271
5249 5252
5249 5265
5250 5259
5250 5290
5251 5253
5251 5255
5252 5258
5252 5269
5253 5272
5254 5257
5255 5263
5256 5260
5256 5268
5257 5261
5258 5273
5258 5286
5259 5270
5259 5279
5260 5266
5261 5264
5262 5282
5262 5283
5263 5277
5265 5269
5266 5268
5271 5274
5272 5276
5273 5275
5275 5278
5275 5281
5277 5287
5278 5280
5278 5284
5279 5285
5280 5288
5281 5284
5282 5301
5282 5310
5283 5289
5283 5298
5285 5294
5286 5292
5288 5291
5289 5296
5289 5300
5291 5293
5291 5297
5292 5304
5292 5306
5293 5295
5293 5299
5294 5303
5295 5302
5296 5305
5296 5312
5297 5299
5300 5315
5300 5318
5301 5303
5301 5327
5302 5308
5304 5307
5305 5309
5305 5325
5307 5314
5307 5317
5308 5313
5308 5332
5309 5311
5309 5311
5310 5322
5313 5316
5313 5320
5314 5328
5315 5319
5315 5321
5316 5323
5317 5330
5317 5332
5318 5326
5318 5331
5319 5324
5320 5323
5321 5324
5322 5329
5328 5949
5329 5381
5329 5667
5330 5333
5333 5947
5333 5987
5334 5335
5334 5337
5335 5336
5336 5338
5337 5339
5338 5340
5339 5342
5340 5341
5340 5344
5341 5343
5341 5345
5342 5348
5343 5347
5344 5346
5345 5349
5346 5354
5347 5350
5348 5353
5348 5369
5349 5351
5349 5363
5350 5351
5351 5352
5351 5361
5352 5355
5353 5356
5354 5359
5355 5360
5356 5357
5356 5358
5357 5365
5358 5367
5358 5368
5359 5375
5360 5366
5361 5362
5361 5364
5362 5384
5363 5370
5364 5378
5366 5372
5367 5385
5368 5376
5368 5410
5369 5371
5369 5373
5370 5374
5371 5377
5372 5381
5373 5388
5374 5379
5375 5380
5376 5382
5377 5392
5378 5403
5379 5383
5379 5390
5380 5419
5381 5397
5381 5415
5383 5386
5384 5387
5384 5409
5385 5393
5385 5410
5386 5391
5386 5394
5387 5400
5387 5407
5388 5389
5388 5405
5389 5413
5390 5396
5390 5406
5391 5395
5391 5401
5392 5714
5393 5402
5394 5396
5395 5399
5396 5398
5397 5407
5398 5408
5399 5404
5400 5431
5401 5411
5402 5432
5403 5439
5404 5408
5404 5412
5405 5426
5406 5430
5407 5416
5409 5428
5409 5569
5410 5648
5411 5425
5412 5414
5412 5421
5413 5434
5414 5420
5414 5424
5415 5417
5415 5429
5416 5427
5417 5418
5418 5433
5418 5442
5419 5422
5420 5425
5421 5423
5421 5424
5422 5443
5423 5448
5424 5436
5426 5438
5427 5441
5428 5431
5429 5435
5431 5445
5432 5434
5433 5437
5433 5444
5436 5444
5436 5446
5437 5440
5437 5449
5438 5653
5439 5447
5441 5670
5442 5566
5444 5451
5446 5959
5449 5450
5449 5969
5450 5919
5451 5989
5452 5453
5453 5454
5453 5456
5454 5455
5455 5457
5456 5458
5457 5459
5459 5460
5459 5461
5460 5462
5463 5464
5464 5465
5466 5467
5466 5468
5466 5470
5467 5471
5468 5469
5468 5479
5469 5474
5470 5472
5471 5473
5471 5476
5472 5475
5472 5480
5473 5478
5474 5477
5475 5479
5476 5481
5477 5481
5478 5482
5478 5483
5480 5490
5481 5484
5482 5485
5483 5486
5485 5492
5486 5487
5486 5488
5487 5488
5487 5489
5490 5491
5491 5493
5492 5494
5492 5496
5493 5495
5494 5497
5496 5498
5497 5499
5499 5500
5499 5501
5500 5502
5501 5503
5502 5504
5502 5506
5503 5505
5504 5507
5505 5508
5506 5507
5508 5509
5508 5510
5509 5511
5509 5512
5510 5513
5510 5514
5511 5521
5512 5515
5513 5517
5514 5516
5514 5519
5515 5518
5515 5520
5517 5524
5518 5522
5519 5523
5520 5525
5521 5529
5522 5532
5523 5526
5523 5528
5525 5527
5526 5535
5528 5530
5529 5532
5530 5531
5531 5533
5531 5534
5533 5534
5535 5536
5535 5536
5537 5538
5538 5539
5538 5541
5539 5540
5539 5544
5541 5542
5542 5543
5546 5547
5547 5548
5548 5549
5549 5550
5549 5551
5551 5552
5551 5553
5552 5554
5554 5555
5558 5559
5559 5560
5560 5561
5561 5562
5562 5563
5562 5565
5563 5564
5567 5568
5568 5569
5570 5571
5570 5572
5571 5573
5571 5575
5572 5578
5573 5574
5574 5576
5575 5579
5575 5585
5576 5577
5576 5582
5577 5580
5579 5581
5579 5583
5580 5587
5580 5588
5581 5584
5582 5586
5583 5584
5585 5589
5587 5591
5587 5597
5588 5590
5589 5593
5590 5592
5590 5594
5591 5596
5591 5598
5592 5594
5593 5595
5595 5600
5596 5601
5596 5604
5597 5599
5598 5605
5598 5607
5599 5602
5599 5603
5601 5608
5602 5606
5603 5604
5603 5606
5607 5609
5607 5611
5608 5610
5608 5612
5612 5613
5613 5614
5613 5615
5614 5616
5615 5617
5618 5619
5618 5620
5619 5621
5620 5622
5621 5623
5624 5625
5625 5626
5626 5627
5627 5628
5628 5629
5629 5630
5630 5631
5631 5632
5632 5633
5633 5634
5634 5635
5635 5636
5637 5638
5638 5639
5643 5644
5644 5645
5644 5648
5645 5646
5646 5647
5647 5649
5649 5650
5650 5651
5651 5652
5653 5654
5654 5655
5655 5656
5657 5658
5657 5659
5658 5660
5660 5661
5660 5663
5661 5662
5662 5664
5666 5667
5669 5670
5671 5672
5674 5675
5676 5677
5676 5678
5677 5679
5678 5682
5679 5680
5679 5681
5680 5683
5681 5684
5684 5685
5685 5686
5687 5688
5688 5689
5689 5690
5689 5694
5690 5691
5691 5692
5692 5693
5693 5695
5694 5697
5695 5696
5696 5698
5701 5702
5702 5703
5703 5704
5705 5706
5706 5707
5708 5709
5709 5710
5711 5712
5712 5713
5715 5716
5715 5717
5718 5719
5719 5720
5721 5722
5721 5723
5722 5724
5723 5725
5725 5726
5725 5731
5726 5727
5726 5732
5727 5728
5727 5729
5728 5729
5729 5730
5731 5733
5732 5737
5733 5734
5734 5735
5735 5736
5736 5738
5737 5739
5737 5740
5738 5743
5739 5741
5740 5742
5743 5744
5744 5745
5744 5747
5745 5746
5745 5748
5747 5749
5748 5750
5749 5751
5751 5752
5752 5753
5753 5754
5754 5755
5755 5756
5756 5757
5759 5760
5760 5761
5761 5762
5762 5763
5763 5764
5765 5766
5765 5767
5768 5769
5769 5770
5770 5771
5775 5776
5776 5777
5778 5779
5778 5780
5779 5781
5780 5781
5785 5786
5785 5787
5785 5789
5786 5788
5787 5788
5789 5790
5789 5791
5791 5792
5792 5793
5792 5794
5793 5795
5796 5797
5797 5798
5798 5799
5799 5800
5800 5801
5801 5802
5802 5803
5803 5804
5804 5805
5805 5806
5806 5807
5807 5808
5808 5809
5809 5810
5810 5811
5811 5812
5812 5813
5813 5814
5814 5815
5815 5816
5816 5817
5819 5820
5821 5822
5822 5823
5823 5824
5824 5825
5826 5827
5826 5830
5827 5828
5828 5829
5829 5832
5830 5831
5832 5833
5833 5834
5835 5836
5838 5839
5840 5841
5841 5842
5843 5844
5843 5845
5843 5846
5844 5848
5845 5847
5846 5847
5846 5849
5848 5850
5849 5851
5849 5853
5850 5852
5852 5854
5853 5855
5854 5855
5855 5856
5857 5858
5858 5859
5859 5860
5859 5861
5861 5862
5862 5863
5864 5865
5866 5867
5867 5868
5868 5869
5868 5872
5869 5870
5869 5871
5870 5871
5873 5874
5873 5875
5873 5876
5874 5877
5876 5878
5879 5880
5880 5881
5882 5883
5886 5887
5887 5888
5887 5889
5896 5897
5898 5899
5901 5902
5902 5903
5903 5904
5905 5906
5906 5907
5909 5910
5910 5911
5911 5912
5914 5915
5916 5917
5917 5918
5917 5919
5918 5920
5919 5921
5920 5921
5922 5923
5923 5924
5923 5925
5924 5926
5924 5927
5925 5928
5925 5929
5926 5930
5926 5942
5927 5931
5928 5932
5928 5933
5930 5934
5930 5935
5931 5932
5933 5938
5934 5936
5934 5943
5935 5937
5937 5939
5938 5940
5938 5941
5939 5940
5943 5944
5945 5946
5946 5947
5947 5948
5949 5950
5950 5951
5951 5952
5953 5954
5953 5955
5954 5956
5955 5958
5956 5957
5956 5960
5957 5961
5958 5959
5959 5969
5960 5962
5960 5966
5961 5963
5961 5964
5963 5965
5964 5968
5964 5971
5964 5976
5965 5967
5967 5970
5968 5972
5971 5973
5971 5975
5972 5977
5973 5974
5975 5979
5975 5984
5976 5978
5976 5985
5977 5980
5978 5983
5979 5981
5980 5981
5981 5982
5984 5985
5986 5987
5993 5994
5994 5995
5995 5997
5995 6002
5997 5998
5998 6000
5999 6001
6000 6003
6000 6004
6002 6007
6002 6021
6004 6005
6005 6006
6006 6008
6006 6009
6007 6012
6007 6014
6009 6010
6010 6011
6011 6013
6011 6015
6013 6017
6013 6019
6014 6016
6014 6026
6016 6018
6016 6022
6018 6023
6018 6025
6019 6020
6020 6024
6021 6033
6023 6024
6023 6027
6024 6029
6026 6028
6028 6030
6028 6031
6029 6032
6029 6050
6030 6034
6030 6036
6031 6038
6032 6035
6032 6037
6033 6038
6033 6042
6034 6040
6035 6041
6035 6046
6036 6045
6036 6051
6038 6039
6039 6043
6039 6044
6040 6042
6041 6047
6041 6048
6042 6051
6045 6050
6045 6055
6047 6049
6047 6061
6049 6053
6050 6052
6051 6055
6052 6054
6052 6062
6054 6056
6055 6062
6056 6057
6057 6058
6057 6059
6058 6063
6059 6060
6060 6064
6060 6065
6061 6064
6061 6067
6062 6068
6063 6068
6065 6066
6067 6069
6067 6070
6069 6071
6069 6072
6070 6072
6071 6074
6072 6073
6074 6075
6075 6076
6078 6079
6079 6080
6080 6081
6081 6082
6083 6084
6083 6085
6083 6087
6085 6086
6085 6089
6087 6088
6087 6090
6088 6093
6089 6091
6090 6092
6091 6092
6093 6094
6094 6095
6094 6096
6095 6096
6097 6098
6098 6099
6099 6100
6100 6101
6101 6102
